2011.2580 -0.467627
2011.2608 -0.468684
2011.2635 -0.464787
2011.2663 -0.465657
2011.2690 -0.465410
2011.2717 -0.466885
2011.2745 -0.465792
2011.2772 -0.467969
2011.2799 -0.468535
2011.2827 -0.466593
2011.2854 -0.467404
2011.2882 -0.467362
2011.2909 -0.468147
2011.2936 -0.465225
2011.2964 -0.466622
2011.2991 -0.466271
2011.3018 -0.467654
2011.3046 -0.466762
2011.3073 -0.468089
2011.3101 -0.467668
2011.3128 -0.468028
2011.3155 -0.468636
2011.3183 -0.468073
2011.3210 -0.465867
2011.3238 -0.465867
2011.3265 -0.468132
2011.3292 -0.466103
2011.3320 -0.466725
2011.3347 -0.464887
2011.3374 -0.466918
2011.3402 -0.467788
2011.3429 -0.465480
2011.3457 -0.468311
2011.3484 -0.464351
2011.3511 -0.466946
2011.3539 -0.464549
2011.3566 -0.467175
2011.3593 -0.465548
2011.3621 -0.465600
2011.3648 -0.465434
2011.3676 -0.464831
2011.3703 -0.464047
2011.3730 -0.464303
2011.3758 -0.468623
2011.3785 -0.467502
2011.3812 -0.466180
2011.3840 -0.467048
2011.3867 -0.463690
2011.3895 -0.465519
2011.3922 -0.465546
2011.3949 -0.464985
2011.3977 -0.467142
2011.4004 -0.467244
2011.4031 -0.466352
2011.4059 -0.465291
2011.4086 -0.463998
2011.4114 -0.466099
2011.4141 -0.466099
2011.4168 -0.464405
2011.4196 -0.466432
2011.4223 -0.465380
2011.4251 -0.466461
2011.4278 -0.464812
2011.4305 -0.465366
2011.4333 -0.464632
2011.4360 -0.464562
2011.4387 -0.463572
2011.4415 -0.465370
2011.4442 -0.462398
2011.4470 -0.464248
2011.4497 -0.463347
2011.4524 -0.467231
2011.4552 -0.462936
2011.4579 -0.463404
2011.4606 -0.465121
2011.4634 -0.465729
2011.4661 -0.464545
2011.4689 -0.465063
2011.4716 -0.464557
2011.4743 -0.465257
2011.4771 -0.462966
2011.4798 -0.464509
2011.4825 -0.465608
2011.4853 -0.466304
2011.4880 -0.462177
2011.4908 -0.467483
2011.4962 -0.464437
2011.4990 -0.464444
2011.5072 -0.465193
2011.5099 -0.464116
2011.5127 -0.466328
2011.5154 -0.464078
2011.5181 -0.462329
2011.5209 -0.465560
2011.5236 -0.462211
2011.5264 -0.459008
2011.5291 -0.461204
2011.5318 -0.462970
2011.5346 -0.462005
2011.5373 -0.460994
2011.5400 -0.460614
2011.5428 -0.463384
2011.5455 -0.462983
2011.5483 -0.463079
2011.5510 -0.462539
2011.5537 -0.463282
2011.5565 -0.463150
2011.5592 -0.463472
2011.5619 -0.461333
2011.5647 -0.463274
2011.5674 -0.463897
2011.5729 -0.465225
2011.5756 -0.464363
2011.5784 -0.463461
2011.5811 -0.462670
2011.5838 -0.462589
2011.5866 -0.460582
2011.5893 -0.461560
2011.5921 -0.463039
2011.5948 -0.461866
2011.5975 -0.462679
2011.6003 -0.463005
2011.6030 -0.461814
2011.6057 -0.462236
2011.6085 -0.463377
2011.6112 -0.463023
2011.6140 -0.464452
2011.6167 -0.462719
2011.6194 -0.463733
2011.6222 -0.461095
2011.6249 -0.464385
2011.6277 -0.462609
2011.6304 -0.463342
2011.6331 -0.462972
2011.6359 -0.460787
2011.6386 -0.461855
2011.6413 -0.463561
2011.6441 -0.462961
2011.6468 -0.463754
2011.6496 -0.464568
2011.6523 -0.463945
2011.6550 -0.464672
2011.6578 -0.465071
2011.6605 -0.465083
2011.6632 -0.466199
2011.6660 -0.462735
2011.6687 -0.466357
2011.6715 -0.462781
2011.6742 -0.464141
2011.6769 -0.465117
2011.6797 -0.464281
2011.6824 -0.465707
2011.6851 -0.463429
2011.6879 -0.465999
2011.6906 -0.465054
2011.6934 -0.463422
2011.6961 -0.462509
2011.6988 -0.462964
2011.7016 -0.462932
2011.7043 -0.464469
2011.7070 -0.462072
2011.7098 -0.463868
2011.7125 -0.462361
2011.7153 -0.466062
2011.7180 -0.466330
2011.7207 -0.468081
2011.7235 -0.463716
2011.7262 -0.466395
2011.7290 -0.464434
2011.7317 -0.464863
2011.7344 -0.467063
2011.7372 -0.465800
2011.7399 -0.464538
2011.7426 -0.463530
2011.7454 -0.464716
2011.7481 -0.461338
2011.7509 -0.463090
2011.7536 -0.463665
2011.7563 -0.466761
2011.7591 -0.464659
2011.7618 -0.466382
2011.7645 -0.462915
2011.7673 -0.463376
2011.7700 -0.465274
2011.7728 -0.463991
2011.7755 -0.465889
2011.7782 -0.464296
2011.7810 -0.464357
2011.7837 -0.460598
2011.7864 -0.462126
2011.7892 -0.461370
2011.7919 -0.460363
2011.7947 -0.460806
2011.7974 -0.460614
2011.8001 -0.460345
2011.8029 -0.462419
2011.8056 -0.460177
2011.8084 -0.460029
2011.8111 -0.459933
2011.8138 -0.461946
2011.8166 -0.461528
2011.8193 -0.461715
2011.8220 -0.460626
2011.8248 -0.462118
2011.8275 -0.461342
2011.8303 -0.461624
2011.8330 -0.461087
2011.8357 -0.462271
2011.8385 -0.461574
2011.8412 -0.460993
2011.8439 -0.460611
2011.8467 -0.460782
2011.8494 -0.461187
2011.8522 -0.462011
2011.8549 -0.460660
2011.8576 -0.462101
2011.8604 -0.461699
2011.8631 -0.459964
2011.8658 -0.461850
2011.8686 -0.461336
2011.8713 -0.460781
2011.8741 -0.461327
2011.8768 -0.461419
2011.8795 -0.461780
2011.8823 -0.461098
2011.8850 -0.460731
2011.8877 -0.459068
2011.8905 -0.458281
2011.8932 -0.460361
2011.8960 -0.461721
2011.9014 -0.460481
2011.9042 -0.461346
2011.9069 -0.461801
2011.9097 -0.462176
2011.9124 -0.460151
2011.9151 -0.460593
2011.9179 -0.459318
2011.9206 -0.458964
2011.9233 -0.459274
2011.9261 -0.460355
2011.9288 -0.460094
2011.9316 -0.460091
2011.9343 -0.459518
2011.9370 -0.461097
2011.9398 -0.460922
2011.9425 -0.460679
2011.9452 -0.462910
2011.9480 -0.461485
2011.9507 -0.459613
2011.9535 -0.461098
2011.9562 -0.461095
2011.9589 -0.459957
2011.9617 -0.460734
2011.9644 -0.459964
2011.9671 -0.459555
2011.9699 -0.458696
2011.9726 -0.458996
2011.9754 -0.459332
2011.9781 -0.459810
2011.9808 -0.459950
2011.9836 -0.458879
2011.9863 -0.458350
2011.9890 -0.457410
2011.9918 -0.457775
2011.9945 -0.458268
2011.9973 -0.458847
2012.0000 -0.458642
2012.0027 -0.460083
2012.0055 -0.458118
2012.0082 -0.455813
2012.0110 -0.458747
2012.0137 -0.459022
2012.0192 -0.457145
2012.0219 -0.458545
2012.0246 -0.458798
2012.0274 -0.458916
2012.0301 -0.455762
2012.0329 -0.456936
2012.0356 -0.455954
2012.0383 -0.457157
2012.0411 -0.458293
2012.0438 -0.457798
2012.0465 -0.458178
2012.0493 -0.457097
2012.0520 -0.457572
2012.0548 -0.457472
2012.0575 -0.457396
2012.0602 -0.458103
2012.0630 -0.457022
2012.0657 -0.457748
2012.0684 -0.459362
2012.0712 -0.459079
2012.0739 -0.458271
2012.0767 -0.456829
2012.0794 -0.455899
2012.0821 -0.457536
2012.0849 -0.457574
2012.0876 -0.457283
2012.0903 -0.459063
2012.0931 -0.458272
2012.0958 -0.457118
2012.0986 -0.459046
2012.1013 -0.457928
2012.1040 -0.457357
2012.1068 -0.456871
2012.1095 -0.456278
2012.1123 -0.457030
2012.1150 -0.457643
2012.1177 -0.459141
2012.1205 -0.459023
2012.1232 -0.458881
2012.1259 -0.456685
2012.1287 -0.458047
2012.1314 -0.455787
2012.1369 -0.456792
2012.1396 -0.457363
2012.1424 -0.456642
2012.1451 -0.455226
2012.1478 -0.455690
2012.1506 -0.458289
2012.1533 -0.457189
2012.1561 -0.456841
2012.1588 -0.455235
2012.1615 -0.456948
2012.1643 -0.456972
2012.1670 -0.454977
2012.1697 -0.457556
2012.1725 -0.456084
2012.1752 -0.455144
2012.1780 -0.458777
2012.1807 -0.456141
2012.1834 -0.457130
2012.1862 -0.458263
2012.1889 -0.458128
2012.1916 -0.456839
2012.1944 -0.456017
2012.1971 -0.456652
2012.1999 -0.455755
2012.2026 -0.453864
2012.2053 -0.456732
2012.2081 -0.456091
2012.2108 -0.457990
2012.2136 -0.457172
2012.2163 -0.456019
2012.2190 -0.454884
2012.2218 -0.455657
2012.2245 -0.455930
2012.2272 -0.456884
2012.2300 -0.456964
2012.2327 -0.455778
2012.2355 -0.456081
2012.2382 -0.456197
2012.2409 -0.453721
2012.2437 -0.454869
2012.2464 -0.456922
2012.2491 -0.457563
2012.2546 -0.456582
2012.2574 -0.455122
2012.2601 -0.454987
2012.2628 -0.457928
2012.2656 -0.455429
2012.2683 -0.456373
2012.2710 -0.457447
2012.2738 -0.456766
2012.2765 -0.456368
2012.2793 -0.451495
2012.2820 -0.454520
2012.2847 -0.452278
2012.2875 -0.455904
2012.2902 -0.454872
2012.2930 -0.451555
2012.2957 -0.454887
2012.2984 -0.453914
2012.3012 -0.454451
2012.3039 -0.452366
2012.3066 -0.450767
2012.3094 -0.454898
2012.3121 -0.454981
2012.3149 -0.453768
2012.3176 -0.457279
2012.3203 -0.455060
2012.3231 -0.452154
2012.3258 -0.454418
2012.3285 -0.454731
2012.3313 -0.454307
2012.3340 -0.452242
2012.3368 -0.452928
2012.3395 -0.453986
2012.3422 -0.454918
2012.3450 -0.454718
2012.3477 -0.454199
2012.3504 -0.454206
2012.3532 -0.454430
2012.3559 -0.455416
2012.3587 -0.455852
2012.3614 -0.455884
2012.3641 -0.449461
2012.3669 -0.451980
2012.3723 -0.453403
2012.3751 -0.452095
2012.3778 -0.452945
2012.3806 -0.452208
2012.3833 -0.455478
2012.3860 -0.454835
2012.3888 -0.451402
2012.3915 -0.451524
2012.3943 -0.452677
2012.3970 -0.453438
2012.3997 -0.452322
2012.4025 -0.452344
2012.4052 -0.451610
2012.4079 -0.449592
2012.4107 -0.449386
2012.4134 -0.451003
2012.4162 -0.451207
2012.4189 -0.454582
2012.4216 -0.451721
2012.4244 -0.450905
2012.4271 -0.450545
2012.4298 -0.452112
2012.4326 -0.452205
2012.4353 -0.451717
2012.4381 -0.451486
2012.4408 -0.450109
2012.4435 -0.450375
2012.4463 -0.454337
2012.4490 -0.451314
2012.4517 -0.452343
2012.4545 -0.450094
2012.4572 -0.449446
2012.4600 -0.452892
2012.4627 -0.451366
2012.4654 -0.451793
2012.4682 -0.448858
2012.4709 -0.452534
2012.4736 -0.453623
2012.4764 -0.450603
2012.4791 -0.450318
2012.4819 -0.448613
2012.4846 -0.447217
2012.4901 -0.452520
2012.4928 -0.449211
2012.4956 -0.448784
2012.4983 -0.451389
2012.5010 -0.447946
2012.5038 -0.450641
2012.5065 -0.450093
2012.5092 -0.449939
2012.5120 -0.450941
2012.5147 -0.451122
2012.5175 -0.450772
2012.5202 -0.450112
2012.5229 -0.447178
2012.5257 -0.450753
2012.5284 -0.450235
2012.5311 -0.451238
2012.5339 -0.449831
2012.5366 -0.450269
2012.5394 -0.450651
2012.5421 -0.452426
2012.5448 -0.448987
2012.5476 -0.449205
2012.5503 -0.450478
2012.5530 -0.451516
2012.5558 -0.452145
2012.5585 -0.450062
2012.5613 -0.449368
2012.5640 -0.450020
2012.5667 -0.450688
2012.5695 -0.452107
2012.5722 -0.449463
2012.5749 -0.451564
2012.5777 -0.451936
2012.5804 -0.450464
2012.5832 -0.450130
2012.5859 -0.451904
2012.5886 -0.449790
2012.5914 -0.451888
2012.5941 -0.450717
2012.5969 -0.452738
2012.5996 -0.449918
2012.6023 -0.452166
2012.6078 -0.453044
2012.6105 -0.452516
2012.6133 -0.452980
2012.6160 -0.452733
2012.6188 -0.452202
2012.6215 -0.451868
2012.6242 -0.452546
2012.6270 -0.453102
2012.6297 -0.455150
2012.6324 -0.450207
2012.6352 -0.453996
2012.6379 -0.451745
2012.6407 -0.451461
2012.6434 -0.453321
2012.6461 -0.452699
2012.6489 -0.450724
2012.6516 -0.452485
2012.6543 -0.453552
2012.6571 -0.450180
2012.6598 -0.449335
2012.6626 -0.453082
2012.6653 -0.451046
2012.6680 -0.451597
2012.6708 -0.450436
2012.6735 -0.451263
2012.6762 -0.451736
2012.6790 -0.451731
2012.6817 -0.451350
2012.6845 -0.451487
2012.6872 -0.452938
2012.6899 -0.452454
2012.6927 -0.449621
2012.6954 -0.449270
2012.6982 -0.448948
2012.7009 -0.448230
2012.7036 -0.449869
2012.7064 -0.451079
2012.7091 -0.449846
2012.7118 -0.452500
2012.7146 -0.452190
2012.7173 -0.450913
2012.7201 -0.450814
2012.7255 -0.451671
2012.7283 -0.450789
2012.7310 -0.451890
2012.7337 -0.450505
2012.7365 -0.451669
2012.7392 -0.452504
2012.7420 -0.449372
2012.7447 -0.449931
2012.7474 -0.448891
2012.7502 -0.449674
2012.7529 -0.450205
2012.7556 -0.450379
2012.7584 -0.450379
2012.7611 -0.448688
2012.7639 -0.448338
2012.7666 -0.451987
2012.7693 -0.452425
2012.7721 -0.451171
2012.7748 -0.450216
2012.7775 -0.450803
2012.7803 -0.449733
2012.7830 -0.451032
2012.7858 -0.449520
2012.7885 -0.449773
2012.7912 -0.450674
2012.7940 -0.450700
2012.7967 -0.451281
2012.7995 -0.450098
2012.8022 -0.451478
2012.8049 -0.450476
2012.8077 -0.449244
2012.8104 -0.449916
2012.8131 -0.449931
2012.8159 -0.449487
2012.8186 -0.450198
2012.8214 -0.450642
2012.8241 -0.450448
2012.8268 -0.449540
2012.8296 -0.449366
2012.8323 -0.449458
2012.8350 -0.449631
2012.8378 -0.450288
2012.8433 -0.450022
2012.8460 -0.449456
2012.8487 -0.450844
2012.8515 -0.450701
2012.8542 -0.451591
2012.8569 -0.450808
2012.8597 -0.450805
2012.8624 -0.450245
2012.8652 -0.450567
2012.8871 -0.451874
2012.8898 -0.450972
2012.8925 -0.451011
2012.8953 -0.451210
2012.8980 -0.451623
2012.9008 -0.450982
2012.9035 -0.451785
2012.9062 -0.449825
2012.9090 -0.450087
2012.9117 -0.450566
2012.9144 -0.449362
2012.9172 -0.450423
2012.9199 -0.450697
2012.9227 -0.448821
2012.9254 -0.450148
2012.9281 -0.449760
2012.9309 -0.450068
2012.9336 -0.448971
2012.9363 -0.447575
2012.9391 -0.448669
2012.9418 -0.448210
2012.9446 -0.448890
2012.9473 -0.448564
2012.9500 -0.449276
2012.9528 -0.449168
2012.9555 -0.449578
2012.9582 -0.451131
2012.9610 -0.449431
2012.9637 -0.450106
2012.9665 -0.448721
2012.9692 -0.448336
2012.9719 -0.447779
2012.9747 -0.447148
2012.9774 -0.448775
2012.9802 -0.448140
2012.9829 -0.448280
2012.9856 -0.449083
2012.9884 -0.448010
2012.9911 -0.448097
2012.9938 -0.448316
2012.9966 -0.448186
2012.9993 -0.447240
2013.0021 -0.447387
2013.0048 -0.447488
2013.0075 -0.446384
2013.0103 -0.448508
2013.0130 -0.447067
2013.0157 -0.446370
2013.0185 -0.447418
2013.0212 -0.448839
2013.0240 -0.446700
2013.0267 -0.447049
2013.0294 -0.447520
2013.0322 -0.449129
2013.0349 -0.447398
2013.0376 -0.447138
2013.0404 -0.447932
2013.0431 -0.448073
2013.0459 -0.446699
2013.0486 -0.445686
2013.0513 -0.448500
2013.0541 -0.446532
2013.0568 -0.445586
2013.0595 -0.445421
2013.0623 -0.446467
2013.0650 -0.445659
2013.0678 -0.447056
2013.0705 -0.447028
2013.0732 -0.446539
2013.0760 -0.447488
2013.0787 -0.448230
2013.0815 -0.447671
2013.0842 -0.446803
2013.0869 -0.445535
2013.0897 -0.447307
2013.0924 -0.445883
2013.0951 -0.446041
2013.0979 -0.447562
2013.1006 -0.447645
2013.1034 -0.446809
2013.1061 -0.446400
2013.1088 -0.445144
2013.1116 -0.447434
2013.1143 -0.446678
2013.1170 -0.447256
2013.1198 -0.446526
2013.1225 -0.447623
2013.1253 -0.447664
2013.1280 -0.449072
2013.1307 -0.448889
2013.1335 -0.447681
2013.1362 -0.447841
2013.1389 -0.445667
2013.1417 -0.446048
2013.1444 -0.445718
2013.1472 -0.446509
2013.1499 -0.445784
2013.1526 -0.448102
2013.1554 -0.446385
2013.1581 -0.446879
2013.1608 -0.445820
2013.1636 -0.446258
2013.1663 -0.446538
2013.1691 -0.447992
2013.1718 -0.446971
2013.1745 -0.447082
2013.1773 -0.446943
2013.1800 -0.446851
2013.1828 -0.448834
2013.1855 -0.445178
2013.1882 -0.446564
2013.1910 -0.447340
2013.1937 -0.446436
2013.1964 -0.447443
2013.1992 -0.448124
2013.2019 -0.447002
2013.2047 -0.446253
2013.2074 -0.449540
2013.2101 -0.446919
2013.2129 -0.446783
2013.2156 -0.447157
2013.2183 -0.446023
2013.2211 -0.446197
2013.2238 -0.446703
2013.2266 -0.445000
2013.2293 -0.446063
2013.2320 -0.446125
2013.2348 -0.446029
2013.2375 -0.445657
2013.2402 -0.447671
2013.2430 -0.446609
2013.2457 -0.446232
2013.2485 -0.447753
2013.2512 -0.446559
2013.2539 -0.449664
2013.2567 -0.447527
2013.2594 -0.446869
2013.2621 -0.446563
2013.2649 -0.446463
2013.2676 -0.447571
2013.2704 -0.444640
2013.2731 -0.445908
2013.2758 -0.447831
2013.2786 -0.444745
2013.2813 -0.445929
2013.2841 -0.447422
2013.2868 -0.445648
2013.2895 -0.446131
2013.2923 -0.446490
2013.2950 -0.446234
2013.2977 -0.446677
2013.3005 -0.447511
2013.3032 -0.446864
2013.3060 -0.446366
2013.3087 -0.447887
2013.3114 -0.447113
2013.3142 -0.447065
2013.3169 -0.445545
2013.3196 -0.446728
2013.3224 -0.444629
2013.3251 -0.445387
2013.3279 -0.445326
2013.3306 -0.441490
2013.3333 -0.442635
2013.3361 -0.446889
2013.3388 -0.447204
2013.3415 -0.446232
2013.3443 -0.442186
2013.3470 -0.445908
2013.3498 -0.444652
2013.3525 -0.443897
2013.3552 -0.444131
2013.3580 -0.446635
2013.3607 -0.445097
2013.3634 -0.445459
2013.3662 -0.444832
2013.3689 -0.445402
2013.3717 -0.442401
2013.3744 -0.443952
2013.3771 -0.444092
2013.3799 -0.445268
2013.3826 -0.445105
2013.3854 -0.443323
2013.3881 -0.443866
2013.3908 -0.444446
2013.3936 -0.441024
2013.3963 -0.444661
2013.3990 -0.443436
2013.4018 -0.446590
2013.4045 -0.443856
2013.4073 -0.444662
2013.4100 -0.444241
2013.4127 -0.444123
2013.4155 -0.442897
2013.4182 -0.442234
2013.4209 -0.445114
2013.4237 -0.440938
2013.4264 -0.442649
2013.4292 -0.444242
2013.4319 -0.443890
2013.4346 -0.440312
2013.4374 -0.441579
2013.4401 -0.442687
2013.4428 -0.442634
2013.4456 -0.448458
2013.4483 -0.440976
2013.4511 -0.443969
2013.4538 -0.442636
2013.4565 -0.443623
2013.4593 -0.444191
2013.4620 -0.443205
2013.4648 -0.441572
2013.4675 -0.444801
2013.4702 -0.444558
2013.4730 -0.439994
2013.4757 -0.444161
2013.4784 -0.444765
2013.4812 -0.443240
2013.4839 -0.441305
2013.4867 -0.442306
2013.4894 -0.442539
2013.4921 -0.442075
2013.4949 -0.443401
2013.4976 -0.443964
2013.5003 -0.443000
2013.5031 -0.444547
2013.5058 -0.443811
2013.5086 -0.442208
2013.5113 -0.441817
2013.5140 -0.443227
2013.5168 -0.442141
2013.5195 -0.441270
2013.5222 -0.441972
2013.5250 -0.444949
2013.5277 -0.443503
2013.5305 -0.442614
2013.5332 -0.444976
2013.5359 -0.443299
2013.5387 -0.442441
2013.5414 -0.441567
2013.5441 -0.443340
2013.5469 -0.442181
2013.5496 -0.442343
2013.5524 -0.442411
2013.5551 -0.442556
2013.5578 -0.442607
2013.5606 -0.441610
2013.5633 -0.442909
2013.5661 -0.442629
2013.5688 -0.442097
2013.5715 -0.441715
2013.5743 -0.443750
2013.5770 -0.443175
2013.5797 -0.442223
2013.5825 -0.442883
2013.5852 -0.442807
2013.5880 -0.442582
2013.5907 -0.442635
2013.5934 -0.442291
2013.5962 -0.441198
2013.5989 -0.443944
2013.6016 -0.443176
2013.6044 -0.445030
2013.6071 -0.443195
2013.6099 -0.442478
2013.6126 -0.443773
2013.6153 -0.444948
2013.6181 -0.442785
2013.6208 -0.444741
2013.6235 -0.446515
2013.6263 -0.444803
2013.6290 -0.443673
2013.6318 -0.445493
2013.6345 -0.441950
2013.6372 -0.444428
2013.6400 -0.443696
2013.6427 -0.442292
2013.6454 -0.443313
2013.6482 -0.440029
2013.6509 -0.443710
2013.6537 -0.443180
2013.6564 -0.443834
2013.6591 -0.443238
2013.6619 -0.442025
2013.6646 -0.441293
2013.6674 -0.441333
2013.6701 -0.443773
2013.6728 -0.442821
2013.6756 -0.442689
2013.6783 -0.442900
2013.6810 -0.442887
2013.6838 -0.440206
2013.6865 -0.439802
2013.6893 -0.439836
2013.6920 -0.440667
2013.6947 -0.440505
2013.6975 -0.440849
2013.7002 -0.440035
2013.7029 -0.441262
2013.7057 -0.442610
2013.7084 -0.441883
2013.7112 -0.442525
2013.7139 -0.440097
2013.7166 -0.442941
2013.7194 -0.442140
2013.7221 -0.441655
2013.7248 -0.442594
2013.7276 -0.437769
2013.7303 -0.440106
2013.7331 -0.443194
2013.7358 -0.439431
2013.7385 -0.440775
2013.7413 -0.440481
2013.7440 -0.441694
2013.7467 -0.441676
2013.7495 -0.441302
2013.7522 -0.442179
2013.7550 -0.443603
2013.7577 -0.440591
2013.7604 -0.443682
2013.7632 -0.441416
2013.7659 -0.442326
2013.7687 -0.443454
2013.7714 -0.443021
2013.7741 -0.441566
2013.7769 -0.442303
2013.7796 -0.443131
2013.7823 -0.441967
2013.7851 -0.443246
2013.7878 -0.442306
2013.7906 -0.442540
2013.7933 -0.440379
2013.7960 -0.439822
2013.7988 -0.442891
2013.8015 -0.442930
2013.8042 -0.440770
2013.8070 -0.443406
2013.8097 -0.441553
2013.8125 -0.441524
2013.8152 -0.440087
2013.8179 -0.442303
2013.8207 -0.442275
2013.8234 -0.440595
2013.8261 -0.442179
2013.8289 -0.441136
2013.8316 -0.442604
2013.8344 -0.442239
2013.8371 -0.441086
2013.8398 -0.442373
2013.8426 -0.442500
2013.8453 -0.442707
2013.8480 -0.442633
2013.8508 -0.441622
2013.8535 -0.441819
2013.8563 -0.440101
2013.8590 -0.442049
2013.8617 -0.441718
2013.8645 -0.440225
2013.8672 -0.439784
2013.8700 -0.441604
2013.8727 -0.441540
2013.8754 -0.441733
2013.8782 -0.441184
2013.8809 -0.440390
2013.8836 -0.440524
2013.8864 -0.441176
2013.8891 -0.440738
2013.8919 -0.440394
2013.8946 -0.440383
2013.8973 -0.441707
2013.9001 -0.440324
2013.9028 -0.439488
2013.9055 -0.439326
2013.9083 -0.439602
2013.9110 -0.439382
2013.9138 -0.439395
2013.9165 -0.438891
2013.9192 -0.439639
2013.9220 -0.438195
2013.9247 -0.439538
2013.9274 -0.439848
2013.9302 -0.438219
2013.9329 -0.439422
2013.9357 -0.438597
2013.9384 -0.439047
2013.9411 -0.439528
2013.9439 -0.439684
2013.9466 -0.437848
2013.9493 -0.439350
2013.9521 -0.439560
2013.9548 -0.438276
2013.9576 -0.438068
2013.9603 -0.438631
2013.9630 -0.439536
2013.9658 -0.438336
2013.9685 -0.437940
2013.9713 -0.439032
2013.9740 -0.439306
2013.9767 -0.439266
2013.9795 -0.438222
2013.9822 -0.439518
2013.9849 -0.438310
2013.9877 -0.438285
2013.9904 -0.438510
2013.9932 -0.439805
2013.9959 -0.440288
2013.9986 -0.439247
2014.0014 -0.439369
2014.0041 -0.438648
2014.0068 -0.438198
2014.0096 -0.437408
2014.0123 -0.437408
2014.0151 -0.437298
2014.0178 -0.436906
2014.0205 -0.438279
2014.0233 -0.439357
2014.0260 -0.438860
2014.0287 -0.437690
2014.0315 -0.437559
2014.0342 -0.436893
2014.0370 -0.438933
2014.0397 -0.437619
2014.0424 -0.437813
2014.0452 -0.437528
2014.0479 -0.439668
2014.0507 -0.438166
2014.0534 -0.438818
2014.0561 -0.438621
2014.0589 -0.437766
2014.0616 -0.439149
2014.0643 -0.438513
2014.0671 -0.438958
2014.0698 -0.439384
2014.0726 -0.438486
2014.0753 -0.438119
2014.0780 -0.439109
2014.0808 -0.439393
2014.0835 -0.440080
2014.0862 -0.439643
2014.0890 -0.438698
2014.0917 -0.439305
2014.0945 -0.437873
2014.0972 -0.438844
2014.0999 -0.437310
2014.1027 -0.439829
2014.1054 -0.437935
2014.1081 -0.437318
2014.1109 -0.437242
2014.1136 -0.437528
2014.1164 -0.438866
2014.1191 -0.438841
2014.1218 -0.438148
2014.1246 -0.437213
2014.1273 -0.437840
2014.1300 -0.438610
2014.1328 -0.437796
2014.1355 -0.438538
2014.1383 -0.435787
2014.1410 -0.438349
2014.1437 -0.437558
2014.1465 -0.435935
2014.1492 -0.437423
2014.1520 -0.437638
2014.1547 -0.437712
2014.1574 -0.436551
2014.1602 -0.439865
2014.1629 -0.437905
2014.1656 -0.439186
2014.1684 -0.436024
2014.1711 -0.437593
2014.1739 -0.437908
2014.1766 -0.437347
2014.1793 -0.435876
2014.1821 -0.438463
2014.1848 -0.437187
2014.1875 -0.438050
2014.1903 -0.437537
2014.1930 -0.437552
2014.1958 -0.436326
2014.1985 -0.437655
2014.2012 -0.436336
2014.2040 -0.436430
2014.2067 -0.436229
2014.2094 -0.434179
2014.2122 -0.438523
2014.2149 -0.435756
2014.2177 -0.435917
2014.2204 -0.436742
2014.2231 -0.437793
2014.2259 -0.438033
2014.2286 -0.436049
2014.2313 -0.436734
2014.2341 -0.435340
2014.2368 -0.437475
2014.2396 -0.437118
2014.2423 -0.437054
2014.2450 -0.437369
2014.2478 -0.435665
2014.2505 -0.435448
2014.2533 -0.436193
2014.2560 -0.436247
2014.2587 -0.438453
2014.2615 -0.436809
2014.2642 -0.436380
2014.2669 -0.437046
2014.3354 -0.434346
2014.3381 -0.433656
2014.3409 -0.434604
2014.3436 -0.435943
2014.3463 -0.437267
2014.3491 -0.434875
2014.3518 -0.431042
2014.3546 -0.435933
2014.3573 -0.435718
2014.3600 -0.433574
2014.3628 -0.432344
2014.3655 -0.433374
2014.3682 -0.436401
2014.3710 -0.436671
2014.3737 -0.435785
2014.3765 -0.434329
2014.3792 -0.433596
2014.3819 -0.435382
2014.3847 -0.433593
2014.3874 -0.434405
2014.3901 -0.432793
2014.3929 -0.433351
2014.3956 -0.430411
2014.3984 -0.435093
2014.4011 -0.434256
2014.4038 -0.433031
2014.4066 -0.433567
2014.4093 -0.433366
2014.4120 -0.434997
2014.4148 -0.437015
2014.4175 -0.432608
2014.4203 -0.433773
2014.4230 -0.434088
2014.4257 -0.432697
2014.4285 -0.436135
2014.4312 -0.430820
2014.4339 -0.432219
2014.4367 -0.428227
2014.4394 -0.434438
2014.4422 -0.430204
2014.4449 -0.431605
2014.4476 -0.433462
2014.4504 -0.432619
2014.4531 -0.432521
2014.4559 -0.433153
2014.4586 -0.432253
2014.4613 -0.432905
2014.4641 -0.432519
2014.4668 -0.431483
2014.4695 -0.428947
2014.4723 -0.429738
2014.4750 -0.431830
2014.4778 -0.432877
2014.4805 -0.432902
2014.4832 -0.435668
2014.4860 -0.429965
2014.4887 -0.433761
2014.4914 -0.433144
2014.4942 -0.432800
2014.4969 -0.434008
2014.4997 -0.432658
2014.5024 -0.433025
2014.5051 -0.432098
2014.5079 -0.431402
2014.5106 -0.433567
2014.5133 -0.433000
2014.5161 -0.431496
2014.5188 -0.430765
2014.5216 -0.430633
2014.5243 -0.430400
2014.5270 -0.431167
2014.5298 -0.432253
2014.5325 -0.430241
2014.5352 -0.432822
2014.5380 -0.429869
2014.5407 -0.430839
2014.5435 -0.433053
2014.5462 -0.431659
2014.5489 -0.431967
2014.5517 -0.431926
2014.5544 -0.431764
2014.5572 -0.432185
2014.5599 -0.433589
2014.5626 -0.433198
2014.5654 -0.433031
2014.5681 -0.430713
2014.5708 -0.434818
2014.5736 -0.432485
2014.5763 -0.430936
2014.5791 -0.432176
2014.5818 -0.433751
2014.5845 -0.432935
2014.5873 -0.433258
2014.5900 -0.432184
2014.5927 -0.432516
2014.5955 -0.432462
2014.5982 -0.431669
2014.6010 -0.430323
2014.6037 -0.432905
2014.6064 -0.432541
2014.6092 -0.431728
2014.6119 -0.430923
2014.6146 -0.431722
2014.6174 -0.433019
2014.6201 -0.433035
2014.6229 -0.432823
2014.6256 -0.432095
2014.6283 -0.433051
2014.6311 -0.431703
2014.6338 -0.430877
2014.6366 -0.431679
2014.6393 -0.429983
2014.6420 -0.432204
2014.6448 -0.429699
2014.6475 -0.432146
2014.6502 -0.431856
2014.6530 -0.431290
2014.6557 -0.429535
2014.6585 -0.429469
2014.6612 -0.429552
2014.6639 -0.429001
2014.6667 -0.431325
2014.6694 -0.430524
2014.6721 -0.430320
2014.6749 -0.430800
2014.6776 -0.425224
2014.6804 -0.431079
2014.6831 -0.431994
2014.6858 -0.431037
2014.6886 -0.429956
2014.6913 -0.430937
2014.6940 -0.430595
2014.6968 -0.431859
2014.6995 -0.432443
2014.7023 -0.431358
2014.7050 -0.429998
2014.7077 -0.428109
2014.7105 -0.428917
2014.7132 -0.432185
2014.7159 -0.428177
2014.7187 -0.429519
2014.7214 -0.431187
2014.7242 -0.429442
2014.7269 -0.429410
2014.7296 -0.430017
2014.7324 -0.428906
2014.7351 -0.431140
2014.7379 -0.429236
2014.7406 -0.431150
2014.7433 -0.431276
2014.7461 -0.430212
2014.7488 -0.429403
2014.7515 -0.431859
2014.7543 -0.428478
2014.7570 -0.429776
2014.7598 -0.429204
2014.7625 -0.429841
2014.7652 -0.427671
2014.7680 -0.427583
2014.7707 -0.428129
2014.7734 -0.429318
2014.7762 -0.427755
2014.7789 -0.429531
2014.7817 -0.429633
2014.7844 -0.431105
2014.7871 -0.428957
2014.7899 -0.430179
2014.7926 -0.429936
2014.7953 -0.427736
2014.7981 -0.429449
2014.8008 -0.430297
2014.8036 -0.430427
2014.8063 -0.429783
2014.8090 -0.430155
2014.8118 -0.428521
2014.8145 -0.430804
2014.8172 -0.430325
2014.8200 -0.429235
2014.8227 -0.428550
2014.8255 -0.428881
2014.8282 -0.430030
2014.8309 -0.429407
2014.8337 -0.428546
2014.8364 -0.429216
2014.8392 -0.427596
2014.8419 -0.427240
2014.8446 -0.429103
2014.8474 -0.428990
2014.8501 -0.430534
2014.8528 -0.430256
2014.8556 -0.429774
2014.8583 -0.428700
2014.8611 -0.429432
2014.8638 -0.430177
2014.8665 -0.429523
2014.8693 -0.429370
2014.8720 -0.429449
2014.8747 -0.429141
2014.8775 -0.428226
2014.8802 -0.429103
2014.8830 -0.428455
2014.8857 -0.428285
2014.8884 -0.429528
2014.8912 -0.429224
2014.8939 -0.428859
2014.8966 -0.430016
2014.8994 -0.430638
2014.9021 -0.429014
2014.9049 -0.431007
2014.9076 -0.428976
2014.9103 -0.428712
2014.9131 -0.428481
2014.9158 -0.428484
2014.9185 -0.429195
2014.9213 -0.428393
2014.9240 -0.429621
2014.9268 -0.430285
2014.9295 -0.429994
2014.9322 -0.429798
2014.9350 -0.428586
2014.9377 -0.428999
2014.9405 -0.429133
2014.9432 -0.426416
2014.9459 -0.427880
2014.9487 -0.427658
2014.9514 -0.428807
2014.9541 -0.428165
2014.9569 -0.426933
2014.9596 -0.428364
2014.9624 -0.428618
2014.9651 -0.428239
2014.9678 -0.429318
2014.9706 -0.427889
2014.9733 -0.427248
2014.9760 -0.427846
2014.9788 -0.426572
2014.9815 -0.427455
2014.9843 -0.425786
2014.9870 -0.428275
2014.9897 -0.427380
2014.9925 -0.429034
2014.9952 -0.428474
2014.9979 -0.428022
2015.0007 -0.426458
2015.0034 -0.429049
2015.0062 -0.429025
2015.0089 -0.427745
2015.0116 -0.429451
2015.0144 -0.429324
2015.0171 -0.428312
2015.0198 -0.427753
2015.0226 -0.428237
2015.0253 -0.427551
2015.0281 -0.427243
2015.0308 -0.428752
2015.0335 -0.430300
2015.0363 -0.428645
2015.0390 -0.429388
2015.0418 -0.429688
2015.0445 -0.427950
2015.0472 -0.430453
2015.0500 -0.426035
2015.0527 -0.427049
2015.0554 -0.428539
2015.0582 -0.429629
2015.0609 -0.427839
2015.0637 -0.427803
2015.0664 -0.430802
2015.0691 -0.430305
2015.0719 -0.429642
2015.0746 -0.428509
2015.0773 -0.427257
2015.0801 -0.428107
2015.0828 -0.428168
2015.0856 -0.428062
2015.0883 -0.428491
2015.0910 -0.430282
2015.0938 -0.428358
2015.0965 -0.428322
2015.0992 -0.427817
2015.1020 -0.427994
2015.1047 -0.427502
2015.1075 -0.428034
2015.1102 -0.428002
2015.1129 -0.428160
2015.1157 -0.427939
2015.1184 -0.429847
2015.1211 -0.427647
2015.1239 -0.427190
2015.1266 -0.428060
2015.1294 -0.431088
2015.1321 -0.427237
2015.1348 -0.428062
2015.1376 -0.430069
2015.1403 -0.428273
2015.1431 -0.429201
2015.1458 -0.429234
2015.1485 -0.429195
2015.1513 -0.426536
2015.1540 -0.428365
2015.1567 -0.428462
2015.1595 -0.428656
2015.1622 -0.428253
2015.1650 -0.428628
2015.1677 -0.427098
2015.1704 -0.428391
2015.1732 -0.426932
2015.1759 -0.428937
2015.1786 -0.426411
2015.1814 -0.427362
2015.1841 -0.427629
2015.1869 -0.427590
2015.1896 -0.428626
2015.1923 -0.428012
2015.1951 -0.427929
2015.1978 -0.429548
2015.2005 -0.429281
2015.2033 -0.428583
2015.2060 -0.429666
2015.2088 -0.428047
2015.2115 -0.428571
2015.2142 -0.427942
2015.2170 -0.429234
2015.2197 -0.426450
2015.2225 -0.426896
2015.2252 -0.427034
2015.2279 -0.428334
2015.2307 -0.426393
2015.2334 -0.426811
2015.2361 -0.426914
2015.2389 -0.426236
2015.2416 -0.428000
2015.2444 -0.427889
2015.2471 -0.427327
2015.2498 -0.426223
2015.2526 -0.425449
2015.2553 -0.429812
2015.2580 -0.426812
2015.2608 -0.428267
2015.2635 -0.425817
2015.2663 -0.426207
2015.2690 -0.427723
2015.2717 -0.428048
2015.2745 -0.426909
2015.2772 -0.426517
2015.2799 -0.427256
2015.2827 -0.428159
2015.2854 -0.427421
2015.2882 -0.428458
2015.2909 -0.427761
2015.2936 -0.427590
2015.2964 -0.428084
2015.2991 -0.426590
2015.3018 -0.425799
2015.3046 -0.426845
2015.3073 -0.425132
2015.3101 -0.426720
2015.3128 -0.376548
2015.3155 -0.375558
2015.3183 -0.378116
2015.3210 -0.378207
2015.3238 -0.378884
2015.3265 -0.378837
2015.3292 -0.378615
2015.3320 -0.377250
2015.3347 -0.377173
2015.3374 -0.377357
2015.3703 -0.383049
2015.3730 -0.382894
2015.3758 -0.384462
2015.3785 -0.385097
2015.3812 -0.383351
2015.3840 -0.384368
2015.3867 -0.381086
2015.3895 -0.382510
2015.3922 -0.383170
2015.3949 -0.381444
2015.3977 -0.382470
2015.4004 -0.382903
2015.4031 -0.383885
2015.4059 -0.385131
2015.4086 -0.383495
2015.4114 -0.380592
2015.4141 -0.381316
2015.4168 -0.383587
2015.4196 -0.382122
2015.4223 -0.385636
2015.4251 -0.385192
2015.4278 -0.383751
2015.4305 -0.382518
2015.4333 -0.382318
2015.4360 -0.384023
2015.4387 -0.381599
2015.4415 -0.382777
2015.4442 -0.383854
2015.4470 -0.384078
2015.4497 -0.383272
2015.4524 -0.383367
2015.4552 -0.384178
2015.4579 -0.383308
2015.4606 -0.381151
2015.4634 -0.383481
2015.4661 -0.381083
2015.4689 -0.383273
2015.4716 -0.382338
2015.4743 -0.382023
2015.4771 -0.381071
2015.4798 -0.384497
2015.4825 -0.384700
2015.4853 -0.383240
2015.4880 -0.383748
2015.4908 -0.384130
2015.4935 -0.383820
2015.4962 -0.383422
2015.4990 -0.382755
2015.5017 -0.381648
2015.5044 -0.384843
2015.5072 -0.384078
2015.5099 -0.383906
2015.5127 -0.380952
2015.5154 -0.382413
2015.5181 -0.383474
2015.5209 -0.382128
2015.5236 -0.384315
2015.5264 -0.382785
2015.5291 -0.381810
2015.5318 -0.382509
2015.5346 -0.382914
2015.5373 -0.384782
2015.5400 -0.381552
2015.5428 -0.384616
2015.5455 -0.384543
2015.5483 -0.384447
2015.5510 -0.384622
2015.5537 -0.384054
2015.5565 -0.384722
2015.5592 -0.383986
2015.5619 -0.384074
2015.5647 -0.384327
2015.5674 -0.384628
2015.5702 -0.382857
2015.5729 -0.382090
2015.5756 -0.382733
2015.5784 -0.384396
2015.5811 -0.383444
2015.5838 -0.384609
2015.5866 -0.383502
2015.5893 -0.384565
2015.5921 -0.381520
2015.5948 -0.383551
2015.5975 -0.384067
2015.6003 -0.384285
2015.6030 -0.381764
2015.6057 -0.378607
2015.6085 -0.381158
2015.6112 -0.384008
2015.6140 -0.384195
2015.6167 -0.382982
2015.6194 -0.384338
2015.6222 -0.381332
2015.6249 -0.379809
2015.6277 -0.381430
2015.6304 -0.384189
2015.6331 -0.382640
2015.6359 -0.382874
2015.6386 -0.379462
2015.6413 -0.384812
2015.6441 -0.382738
2015.6468 -0.381922
2015.6496 -0.383237
2015.6523 -0.383358
2015.6550 -0.382781
2015.6578 -0.382932
2015.6605 -0.377679
2015.6632 -0.382195
2015.6742 -0.381790
2015.6769 -0.383506
2015.6797 -0.381798
2015.6824 -0.382427
2015.6851 -0.383304
2015.6879 -0.381502
2015.6906 -0.380540
2015.6934 -0.382511
2015.6961 -0.382772
2015.6988 -0.381948
2015.7016 -0.382779
2015.7043 -0.382241
2015.7070 -0.382587
2015.7098 -0.382404
2015.7125 -0.381611
2015.7153 -0.379589
2015.7180 -0.381469
2015.7207 -0.383964
2015.7235 -0.380322
2015.7262 -0.383253
2015.7290 -0.382490
2015.7317 -0.381458
2015.7344 -0.381642
2015.7372 -0.382370
2015.7399 -0.381115
2015.7426 -0.382640
2015.7454 -0.382238
2015.7481 -0.381616
2015.7509 -0.383419
2015.7536 -0.382453
2015.7563 -0.381398
2015.7591 -0.384352
2015.7618 -0.383591
2015.7645 -0.382608
2015.7673 -0.382264
2015.7700 -0.381388
2015.7728 -0.378837
2015.7755 -0.381929
2015.7782 -0.381888
2015.7810 -0.381621
2015.7837 -0.381970
2015.7864 -0.381645
2015.7892 -0.380418
2015.7919 -0.381830
2015.7947 -0.381209
2015.7974 -0.381762
2015.8001 -0.380981
2015.8029 -0.381383
2015.8056 -0.379927
2015.8084 -0.381737
2015.8111 -0.382132
2015.8138 -0.381707
2015.8166 -0.381289
2015.8193 -0.381088
2015.8220 -0.381412
2015.8248 -0.382475
2015.8275 -0.380587
2015.8303 -0.381334
2015.8330 -0.378666
2015.8357 -0.380639
2015.8385 -0.380817
2015.8412 -0.380987
2015.8439 -0.381160
2015.8467 -0.382853
2015.8494 -0.381173
2015.8522 -0.381329
2015.8549 -0.382022
2015.8576 -0.380139
2015.8604 -0.380816
2015.8631 -0.381441
2015.8658 -0.382290
2015.8686 -0.381712
2015.8713 -0.381801
2015.8741 -0.381638
2015.8768 -0.380426
2015.8795 -0.379158
2015.8823 -0.378549
2015.8850 -0.378707
2015.8877 -0.380630
2015.8905 -0.379829
2015.8932 -0.380464
2015.8960 -0.381370
2015.8987 -0.380914
2015.9014 -0.380484
2015.9042 -0.380323
2015.9069 -0.379891
2015.9097 -0.379629
2015.9124 -0.380839
2015.9151 -0.378915
2015.9179 -0.377888
2015.9206 -0.380768
2015.9233 -0.380177
2015.9261 -0.379325
2015.9288 -0.379343
2015.9316 -0.379347
2015.9343 -0.378405
2015.9370 -0.380904
2015.9398 -0.380289
2015.9425 -0.379401
2015.9452 -0.381464
2015.9480 -0.379992
2015.9507 -0.381230
2015.9535 -0.381109
2015.9562 -0.382152
2015.9589 -0.380886
2015.9617 -0.379675
2015.9644 -0.379889
2015.9671 -0.381107
2015.9699 -0.380103
2015.9726 -0.380421
2015.9754 -0.381603
2015.9781 -0.378574
2015.9808 -0.380685
2015.9836 -0.379602
2015.9863 -0.380694
2015.9890 -0.380960
2015.9918 -0.379245
2015.9945 -0.379413
2015.9973 -0.380081
2016.0000 -0.380484
2016.0027 -0.379883
2016.0055 -0.378519
2016.0082 -0.380366
2016.0110 -0.380405
2016.0137 -0.379880
2016.0164 -0.380169
2016.0192 -0.379378
2016.0219 -0.380014
2016.0246 -0.380633
2016.0274 -0.381528
2016.0301 -0.382032
2016.0329 -0.380237
2016.0356 -0.379055
2016.0383 -0.380072
2016.0411 -0.381810
2016.0438 -0.382042
2016.0465 -0.381150
2016.0493 -0.381057
2016.0520 -0.378765
2016.0548 -0.381117
2016.0575 -0.381318
2016.0602 -0.380867
2016.0630 -0.380044
2016.0657 -0.381503
2016.0684 -0.380288
2016.0712 -0.380714
2016.0739 -0.379150
2016.0767 -0.379269
2016.0794 -0.379470
2016.0821 -0.380032
2016.0849 -0.379386
2016.0876 -0.378558
2016.0903 -0.379934
2016.0931 -0.381104
2016.0958 -0.379130
2016.0986 -0.379899
2016.1013 -0.379170
2016.1040 -0.381178
2016.1068 -0.381066
2016.1095 -0.380519
2016.1123 -0.381787
2016.1150 -0.381331
2016.1177 -0.381806
2016.1205 -0.379326
2016.1232 -0.380139
2016.1259 -0.378211
2016.1287 -0.379560
2016.1314 -0.381411
2016.1342 -0.380343
2016.1369 -0.379076
2016.1396 -0.378006
2016.1424 -0.378907
2016.1451 -0.378694
2016.1478 -0.379238
2016.1506 -0.379880
2016.1533 -0.379445
2016.1561 -0.379550
2016.1588 -0.379390
2016.1615 -0.381196
2016.1643 -0.380046
2016.1670 -0.378920
2016.1697 -0.378729
2016.1725 -0.379417
2016.1752 -0.381134
2016.1780 -0.379471
2016.1807 -0.379253
2016.1834 -0.378534
2016.1862 -0.380178
2016.1889 -0.381443
2016.1916 -0.378402
2016.1944 -0.378770
2016.1971 -0.379011
2016.1999 -0.379267
2016.2026 -0.380518
2016.2053 -0.379495
2016.2081 -0.380019
2016.2108 -0.381471
2016.2136 -0.378395
2016.2163 -0.376097
2016.2190 -0.378455
2016.2218 -0.379305
2016.2245 -0.379885
2016.2272 -0.379250
2016.2300 -0.378832
2016.2327 -0.379073
2016.2355 -0.379568
2016.2382 -0.379083
2016.2409 -0.381467
2016.2437 -0.379675
2016.2464 -0.380340
2016.2491 -0.380958
2016.2519 -0.378704
2016.2546 -0.379466
2016.2574 -0.378512
2016.2601 -0.378840
2016.2628 -0.376726
2016.2656 -0.377595
2016.2683 -0.377586
2016.2710 -0.377201
2016.2738 -0.379103
2016.2765 -0.378130
2016.2793 -0.377781
2016.2820 -0.378999
2016.2847 -0.378341
2016.2875 -0.379145
2016.2902 -0.377416
2016.2930 -0.376388
2016.2957 -0.377662
2016.2984 -0.374977
2016.3012 -0.375033
2016.3039 -0.377608
2016.3066 -0.378565
2016.3094 -0.376466
2016.3121 -0.377585
2016.3149 -0.377413
2016.3176 -0.378044
2016.3203 -0.375241
2016.3231 -0.375187
2016.3258 -0.375843
2016.3285 -0.377561
2016.3313 -0.376197
2016.3340 -0.377363
2016.3368 -0.379035
2016.3395 -0.377409
2016.3422 -0.379059
2016.3450 -0.377345
2016.3477 -0.377472
2016.3504 -0.380710
2016.3532 -0.377051
2016.3559 -0.378766
2016.3587 -0.378775
2016.3614 -0.377663
2016.3641 -0.377080
2016.3669 -0.377507
2016.3696 -0.375368
2016.3723 -0.374203
2016.3751 -0.374641
2016.3778 -0.375357
2016.3806 -0.378992
2016.3833 -0.377318
2016.3860 -0.376843
2016.3888 -0.378213
2016.3915 -0.376777
2016.3943 -0.376421
2016.3970 -0.378818
2016.3997 -0.375999
2016.4025 -0.375667
2016.4052 -0.377374
2016.4079 -0.377231
2016.4107 -0.376111
2016.4134 -0.375659
2016.4162 -0.377511
2016.4189 -0.377431
2016.4216 -0.375160
2016.4244 -0.375475
2016.4271 -0.373325
2016.4298 -0.375008
2016.4326 -0.372492
2016.4353 -0.376245
2016.4381 -0.374332
2016.4408 -0.375366
2016.4435 -0.376316
2016.4463 -0.375990
2016.4490 -0.374755
2016.4517 -0.375541
2016.4545 -0.371998
2016.4572 -0.374108
2016.4600 -0.374405
2016.4627 -0.373921
2016.4654 -0.375427
2016.4682 -0.376824
2016.4709 -0.377035
2016.4736 -0.376455
2016.4764 -0.372549
2016.4791 -0.373670
2016.4846 -0.372934
2016.4873 -0.374400
2016.4901 -0.372916
2016.4928 -0.372327
2016.4956 -0.372316
2016.4983 -0.373839
2016.5038 -0.375311
2016.5065 -0.375557
2016.5092 -0.374013
2016.5120 -0.373434
2016.5175 -0.375388
2016.5202 -0.374810
2016.5229 -0.373960
2016.5257 -0.373092
2016.5284 -0.374976
2016.5311 -0.370568
2016.5366 -0.377710
2016.5394 -0.375471
2016.5421 -0.376757
2016.5448 -0.374178
2016.5585 -0.374183
2016.5613 -0.373174
2016.5640 -0.375034
2016.5667 -0.373014
2016.5695 -0.375837
2016.5749 -0.374037
2016.5777 -0.372435
2016.5804 -0.376573
2016.5832 -0.377806
2016.5859 -0.377914
2016.5886 -0.373568
2016.5914 -0.377509
2016.5941 -0.375313
2016.5969 -0.374580
2016.5996 -0.372829
2016.6023 -0.377505
2016.6051 -0.375371
2016.6078 -0.375283
2016.6105 -0.373214
2016.6133 -0.375090
2016.6160 -0.374764
2016.6188 -0.375465
2016.6215 -0.377703
2016.6242 -0.375648
2016.6270 -0.374528
2016.6297 -0.375032
2016.6324 -0.375181
2016.6352 -0.376194
2016.6379 -0.377603
2016.6407 -0.376184
2016.6434 -0.375771
2016.6461 -0.376650
2016.6489 -0.373799
2016.6516 -0.375398
2016.6543 -0.376060
2016.6571 -0.375261
2016.6598 -0.373884
2016.6626 -0.375611
2016.6653 -0.374060
2016.6680 -0.374715
2016.6708 -0.374516
2016.6735 -0.375477
2016.6762 -0.374442
2016.6790 -0.372349
2016.6817 -0.372123
2016.6872 -0.372344
2016.6899 -0.374913
2016.6927 -0.370776
2016.6954 -0.373619
2016.6982 -0.375468
2016.7036 -0.367474
2016.7064 -0.373116
2016.7091 -0.373829
2016.7118 -0.373848
2016.7146 -0.372213
2016.7173 -0.374350
2016.7201 -0.373319
2016.7228 -0.373367
2016.7255 -0.374756
2016.7283 -0.374967
2016.7310 -0.374082
2016.7365 -0.373888
2016.7392 -0.374450
2016.7420 -0.374242
2016.7447 -0.375816
2016.7474 -0.374130
2016.7502 -0.374040
2016.7529 -0.374033
2016.7556 -0.372063
2016.7584 -0.375053
2016.7611 -0.374408
2016.7639 -0.375189
2016.7666 -0.373098
2016.7693 -0.372277
2016.7748 -0.374103
2016.7775 -0.374495
2016.7803 -0.371803
2016.7830 -0.374860
2016.7858 -0.374159
2016.7885 -0.374528
2016.7912 -0.373191
2016.7940 -0.373051
2016.7967 -0.373153
2016.7995 -0.372351
2016.8022 -0.373851
2016.8049 -0.372102
2016.8077 -0.372318
2016.8104 -0.371856
2016.8131 -0.374084
2016.8159 -0.372074
2016.8186 -0.373302
2016.8214 -0.374248
2016.8241 -0.373720
2016.8268 -0.373439
2016.8296 -0.371833
2016.8323 -0.373287
2016.8350 -0.372945
2016.8378 -0.370658
2016.8405 -0.372252
2016.8433 -0.373393
2016.8460 -0.371182
2016.8487 -0.371610
2016.8515 -0.370080
2016.8542 -0.369957
2016.8569 -0.369157
2016.8597 -0.373526
2016.8624 -0.371537
2016.8652 -0.370357
2016.8679 -0.372803
2016.8706 -0.371895
2016.8734 -0.370832
2016.8761 -0.371896
2016.8789 -0.371623
2016.8816 -0.371371
2016.8843 -0.370576
2016.8871 -0.371321
2016.8898 -0.371671
2016.8925 -0.371067
2016.8953 -0.370684
2016.8980 -0.371474
2016.9008 -0.371391
2016.9035 -0.371661
2016.9062 -0.372393
2016.9090 -0.372653
2016.9117 -0.370823
2016.9144 -0.372423
2016.9172 -0.369814
2016.9199 -0.370177
2016.9227 -0.371989
2016.9254 -0.372911
2016.9281 -0.372059
2016.9309 -0.372372
2016.9336 -0.371984
2016.9363 -0.371074
2016.9391 -0.372483
2016.9418 -0.371321
2016.9446 -0.372967
2016.9473 -0.371274
2016.9500 -0.372761
2016.9528 -0.371158
2016.9555 -0.372801
2016.9582 -0.371385
2016.9610 -0.370047
2016.9637 -0.372278
2016.9665 -0.371240
2016.9692 -0.370800
2016.9719 -0.371962
2016.9747 -0.370843
2016.9774 -0.370972
2016.9802 -0.370919
2016.9829 -0.370503
2016.9856 -0.371372
2016.9884 -0.370301
2016.9911 -0.370916
2016.9938 -0.372434
2016.9966 -0.370480
2016.9993 -0.370829
2017.0021 -0.372580
2017.0048 -0.372192
2017.0075 -0.370733
2017.0103 -0.370828
2017.0130 -0.371351
2017.0157 -0.370859
2017.0185 -0.372249
2017.0212 -0.369878
2017.0240 -0.371463
2017.0267 -0.371195
2017.0294 -0.372791
2017.0322 -0.372169
2017.0349 -0.372524
2017.0376 -0.372254
2017.0404 -0.371401
2017.0431 -0.371473
2017.0459 -0.370481
2017.0486 -0.371059
2017.0513 -0.370627
2017.0541 -0.369987
2017.0568 -0.371634
2017.0595 -0.370001
2017.0623 -0.369330
2017.0650 -0.369731
2017.0678 -0.368949
2017.0705 -0.370350
2017.0732 -0.371410
2017.0760 -0.372551
2017.0787 -0.371687
2017.0815 -0.371716
2017.0842 -0.370560
2017.0869 -0.369812
2017.0897 -0.370768
2017.0924 -0.371141
2017.0951 -0.370235
2017.0979 -0.371561
2017.1006 -0.371520
2017.1034 -0.369317
2017.1061 -0.370937
2017.1088 -0.372993
2017.1116 -0.370759
2017.1143 -0.371440
2017.1170 -0.370807
2017.1198 -0.369558
2017.1225 -0.370664
2017.1253 -0.370441
2017.1280 -0.371719
2017.1307 -0.370343
2017.1335 -0.371789
2017.1362 -0.372085
2017.1389 -0.369345
2017.1417 -0.369826
2017.1444 -0.370101
2017.1472 -0.370531
2017.1499 -0.370019
2017.1526 -0.370683
2017.1554 -0.370050
2017.1581 -0.371771
2017.1608 -0.371486
2017.1636 -0.370148
2017.1663 -0.371085
2017.1691 -0.370590
2017.1718 -0.370799
2017.1745 -0.370561
2017.1773 -0.370019
2017.1800 -0.369170
2017.1828 -0.369997
2017.1855 -0.370274
2017.1882 -0.371549
2017.1910 -0.372411
2017.1937 -0.371395
2017.1964 -0.369641
2017.1992 -0.371521
2017.2019 -0.371161
2017.2047 -0.371667
2017.2074 -0.370505
2017.2101 -0.369670
2017.2129 -0.369943
2017.2156 -0.371168
2017.2183 -0.369173
2017.2211 -0.369958
2017.2238 -0.369821
2017.2266 -0.369601
2017.2293 -0.370324
2017.2320 -0.369764
2017.2348 -0.367723
2017.2375 -0.369332
2017.2402 -0.367766
2017.2430 -0.369977
2017.2457 -0.368620
2017.2485 -0.369901
2017.2512 -0.366480
2017.2539 -0.366747
2017.2567 -0.367813
2017.2594 -0.369681
2017.2621 -0.367959
2017.2649 -0.369368
2017.2676 -0.370142
2017.2704 -0.367324
2017.2731 -0.368906
2017.2758 -0.369897
2017.2786 -0.370120
2017.2813 -0.369574
2017.2841 -0.369349
2017.2868 -0.370891
2017.2895 -0.370551
2017.2923 -0.368434
2017.2950 -0.367963
2017.2977 -0.369369
2017.3005 -0.368458
2017.3032 -0.365431
2017.3060 -0.368452
2017.3087 -0.367498
2017.3114 -0.368157
2017.3142 -0.364920
2017.3169 -0.367459
2017.3196 -0.369214
2017.3224 -0.368529
2017.3251 -0.369269
2017.3279 -0.367998
2017.3306 -0.369656
2017.3333 -0.368197
2017.3361 -0.366388
2017.3388 -0.368307
2017.3415 -0.367088
2017.3443 -0.369214
2017.3470 -0.366167
2017.3498 -0.367110
2017.3525 -0.368372
2017.3552 -0.369882
2017.3580 -0.365366
2017.3607 -0.366898
2017.3634 -0.367735
2017.3662 -0.367652
2017.3689 -0.363985
2017.3717 -0.366601
2017.3744 -0.365827
2017.3771 -0.366884
2017.3799 -0.363442
2017.3826 -0.364485
2017.3854 -0.363600
2017.3881 -0.364797
2017.3908 -0.363534
2017.3936 -0.365229
2017.3963 -0.364111
2017.3990 -0.365601
2017.4018 -0.367736
2017.4045 -0.367009
2017.4073 -0.365871
2017.4100 -0.367473
2017.4127 -0.364102
2017.4155 -0.365107
2017.4182 -0.363731
2017.4209 -0.364372
2017.4237 -0.365086
2017.4264 -0.366367
2017.4292 -0.365903
2017.4319 -0.367367
2017.4346 -0.363159
2017.4374 -0.364672
2017.4401 -0.364281
2017.4428 -0.364056
2017.4456 -0.366432
2017.4483 -0.366293
2017.4511 -0.366386
2017.4538 -0.364770
2017.4565 -0.366095
2017.4593 -0.364024
2017.4620 -0.363850
2017.4648 -0.365361
2017.4675 -0.363305
2017.4702 -0.367453
2017.4730 -0.364909
2017.4757 -0.364838
2017.4784 -0.364817
2017.4812 -0.363301
2017.4839 -0.364201
2017.4867 -0.362734
2017.4894 -0.367797
2017.4921 -0.364116
2017.4949 -0.363740
2017.4976 -0.365002
2017.5003 -0.364036
2017.5031 -0.364919
2017.5058 -0.365033
2017.5086 -0.365038
2017.5113 -0.364573
2017.5222 -0.364983
2017.5250 -0.364213
2017.5277 -0.365252
2017.5305 -0.364566
2017.5332 -0.364514
2017.5359 -0.366020
2017.5387 -0.363486
2017.5414 -0.366985
2017.5441 -0.365175
2017.5469 -0.365071
2017.5496 -0.365786
2017.5524 -0.365667
2017.5551 -0.365190
2017.5578 -0.367370
2017.5606 -0.366319
2017.5633 -0.365608
2017.5661 -0.368383
2017.5715 -0.365102
2017.5743 -0.365213
2017.5770 -0.364872
2017.5797 -0.365885
2017.5825 -0.367444
2017.5852 -0.366962
2017.5880 -0.366841
2017.5907 -0.365733
2017.5934 -0.366142
2017.5962 -0.366472
2017.5989 -0.366406
2017.6044 -0.368578
2017.6071 -0.367446
2017.6099 -0.367306
2017.6181 -0.367262
2017.6208 -0.367260
2017.6235 -0.365500
2017.6263 -0.367313
2017.6290 -0.367664
2017.6345 -0.363972
2017.6372 -0.367242
2017.6400 -0.367624
2017.6427 -0.364594
2017.6454 -0.367497
2017.6482 -0.365845
2017.6509 -0.364859
2017.6537 -0.363636
2017.6564 -0.365576
2017.6591 -0.365576
2017.6619 -0.362878
2017.6646 -0.366002
2017.6674 -0.363029
2017.6701 -0.363925
2017.6728 -0.365953
2017.6756 -0.364909
2017.6783 -0.366778
2017.6810 -0.364035
2017.6838 -0.365932
2017.6865 -0.365140
2017.6893 -0.363920
2017.6920 -0.364329
2017.6947 -0.361987
2017.6975 -0.365246
2017.7002 -0.367816
2017.7029 -0.366401
2017.7057 -0.366296
2017.7084 -0.364028
2017.7112 -0.367700
2017.7139 -0.365313
2017.7166 -0.364636
2017.7194 -0.364064
2017.7221 -0.362331
2017.7248 -0.365848
2017.7276 -0.363118
2017.7303 -0.363043
2017.7331 -0.363167
2017.7358 -0.365020
2017.7385 -0.365025
2017.7413 -0.362952
2017.7440 -0.361021
2017.7467 -0.365578
2017.7495 -0.362198
2017.7522 -0.362421
2017.7550 -0.365310
2017.7577 -0.365650
2017.7604 -0.363857
2017.7632 -0.362151
2017.7659 -0.362445
2017.7687 -0.363565
2017.7714 -0.364299
2017.7741 -0.365735
2017.7769 -0.364836
2017.7796 -0.364334
2017.7823 -0.362884
2017.7851 -0.362944
2017.7878 -0.363951
2017.7906 -0.362729
2017.7933 -0.365167
2017.7960 -0.364967
2017.7988 -0.363228
2017.8015 -0.365080
2017.8042 -0.362655
2017.8070 -0.363170
2017.8097 -0.361988
2017.8125 -0.362569
2017.8152 -0.363182
2017.8179 -0.362690
2017.8207 -0.362444
2017.8234 -0.361711
2017.8261 -0.360986
2017.8289 -0.362377
2017.8316 -0.363899
2017.8344 -0.363918
2017.8371 -0.363863
2017.8398 -0.363406
2017.8426 -0.366391
2017.8453 -0.365584
2017.8480 -0.363717
2017.8508 -0.365025
2017.8535 -0.362425
2017.8563 -0.363780
2017.8590 -0.363982
2017.8617 -0.364854
2017.8645 -0.361295
2017.8672 -0.362027
2017.8700 -0.363929
2017.8727 -0.364090
2017.8754 -0.365208
2017.8782 -0.363757
2017.8809 -0.365464
2017.8836 -0.363230
2017.8864 -0.363821
2017.8891 -0.363431
2017.8919 -0.362620
2017.8946 -0.360950
2017.8973 -0.361783
2017.9001 -0.364226
2017.9028 -0.361012
2017.9055 -0.361361
2017.9083 -0.361732
2017.9110 -0.362170
2017.9138 -0.361769
2017.9165 -0.363214
2017.9192 -0.364357
2017.9220 -0.362985
2017.9247 -0.364442
2017.9274 -0.364223
2017.9302 -0.364127
2017.9329 -0.362643
2017.9357 -0.362836
2017.9384 -0.362867
2017.9411 -0.363779
2017.9439 -0.363384
2017.9466 -0.361784
2017.9493 -0.363842
2017.9521 -0.364788
2017.9548 -0.363823
2017.9576 -0.362911
2017.9603 -0.362052
2017.9630 -0.361432
2017.9658 -0.361473
2017.9685 -0.363045
2017.9713 -0.362823
2017.9740 -0.363876
2017.9767 -0.364773
2017.9795 -0.361460
2017.9822 -0.363180
2017.9849 -0.361772
2017.9877 -0.363417
2017.9904 -0.362957
2017.9932 -0.363370
2017.9959 -0.363287
2017.9986 -0.362771
2018.0014 -0.362074
2018.0041 -0.361759
2018.0068 -0.361537
2018.0096 -0.360366
2018.0123 -0.362781
2018.0151 -0.362411
2018.0178 -0.362984
2018.0205 -0.363624
2018.0233 -0.363334
2018.0260 -0.363146
2018.0287 -0.363305
2018.0315 -0.363103
2018.0342 -0.362786
2018.0370 -0.363199
2018.0397 -0.363304
2018.0424 -0.364103
2018.0452 -0.362096
2018.0479 -0.362937
2018.0507 -0.363123
2018.0534 -0.363392
2018.0561 -0.363178
2018.0589 -0.363551
2018.0616 -0.364799
2018.0643 -0.363436
2018.0671 -0.362343
2018.0698 -0.362010
2018.0726 -0.361930
2018.0753 -0.363526
2018.0780 -0.360825
2018.0808 -0.363646
2018.0835 -0.361558
2018.0862 -0.361349
2018.0890 -0.362867
2018.0917 -0.362813
2018.0945 -0.362705
2018.0972 -0.362299
2018.0999 -0.362702
2018.1027 -0.363694
2018.1054 -0.360942
2018.1081 -0.361582
2018.1109 -0.361346
2018.1136 -0.361827
2018.1164 -0.361733
2018.1191 -0.361198
2018.1218 -0.361525
2018.1246 -0.361367
2018.1273 -0.362555
2018.1300 -0.362721
2018.1328 -0.362241
2018.1355 -0.360534
2018.1383 -0.362405
2018.1410 -0.361973
2018.1437 -0.359796
2018.1465 -0.362664
2018.1492 -0.361774
2018.1520 -0.361130
2018.1547 -0.360165
2018.1574 -0.361609
2018.1602 -0.361858
2018.1629 -0.363176
2018.1656 -0.363109
2018.1684 -0.362453
2018.1711 -0.361526
2018.1739 -0.362824
2018.1766 -0.364234
2018.1793 -0.361810
2018.1821 -0.362642
2018.1848 -0.361273
2018.1875 -0.360322
2018.1903 -0.361278
2018.1930 -0.360966
2018.1958 -0.361449
2018.1985 -0.361021
2018.2012 -0.363657
2018.2040 -0.360163
2018.2067 -0.360351
2018.2094 -0.363386
2018.2122 -0.362107
2018.2149 -0.361318
2018.2177 -0.361466
2018.2204 -0.359009
2018.2231 -0.360785
2018.2259 -0.361307
2018.2286 -0.360330
2018.2313 -0.361241
2018.2341 -0.360573
2018.2368 -0.358984
2018.2396 -0.359698
2018.2423 -0.361439
2018.2450 -0.361261
2018.2478 -0.361537
2018.2505 -0.361903
2018.2533 -0.360188
2018.2560 -0.357824
2018.2587 -0.360663
2018.2615 -0.359148
2018.2642 -0.360813
2018.2669 -0.358696
2018.2697 -0.358021
2018.2724 -0.359550
2018.2752 -0.359293
2018.2779 -0.358303
2018.2806 -0.360432
2018.2834 -0.361044
2018.2861 -0.359460
2018.2888 -0.361848
2018.2916 -0.360626
2018.2943 -0.361561
2018.2971 -0.358754
2018.2998 -0.360735
2018.3025 -0.357358
2018.3053 -0.359091
2018.3080 -0.360518
2018.3107 -0.360394
2018.3135 -0.359055
2018.3162 -0.360378
2018.3190 -0.361086
2018.3217 -0.360901
2018.3244 -0.359860
2018.3272 -0.359419
2018.3299 -0.358905
2018.3326 -0.356614
2018.3354 -0.360433
2018.3381 -0.358163
2018.3409 -0.359230
2018.3436 -0.358977
2018.3463 -0.357649
2018.3491 -0.354760
2018.3518 -0.357662
2018.3546 -0.359652
2018.3573 -0.359395
2018.3600 -0.358703
2018.3628 -0.358892
2018.3655 -0.361526
2018.3682 -0.358004
2018.3710 -0.358064
2018.3737 -0.358801
2018.3765 -0.357628
2018.3792 -0.359563
2018.3819 -0.358561
2018.3847 -0.358360
2018.3874 -0.359415
2018.3901 -0.357713
2018.3929 -0.359945
2018.3956 -0.358115
2018.3984 -0.356020
2018.4011 -0.357784
2018.4038 -0.359628
2018.4066 -0.358134
2018.4093 -0.355891
2018.4120 -0.354329
2018.4148 -0.357371
2018.4175 -0.357169
2018.4203 -0.358935
2018.4230 -0.357210
2018.4257 -0.357319
2018.4285 -0.356265
2018.4312 -0.356391
2018.4339 -0.359172
2018.4367 -0.356966
2018.4394 -0.355423
2018.4422 -0.354359
2018.4449 -0.355210
2018.4476 -0.354627
2018.4504 -0.356344
2018.4531 -0.355836
2018.4559 -0.354948
2018.4586 -0.354364
2018.4613 -0.354914
2018.4641 -0.350944
2018.4668 -0.356872
2018.4695 -0.354412
2018.4723 -0.356119
2018.4750 -0.353833
2018.4778 -0.355993
2018.4805 -0.356779
2018.4832 -0.358262
2018.4860 -0.355610
2018.4887 -0.356745
2018.4942 -0.357522
2018.4969 -0.355687
2018.4997 -0.357976
2018.5051 -0.353753
2018.5079 -0.354646
2018.5106 -0.354580
2018.5133 -0.354445
2018.5188 -0.356796
2018.5216 -0.355839
2018.5243 -0.356142
2018.5270 -0.357066
2018.5298 -0.353438
2018.5325 -0.355622
2018.5352 -0.352227
2018.5380 -0.356575
2018.5407 -0.354271
2018.5435 -0.355887
2018.5462 -0.355913
2018.5489 -0.353516
2018.5517 -0.356369
2018.5544 -0.357474
2018.5572 -0.356323
2018.5599 -0.355448
2018.5626 -0.356978
2018.5654 -0.356407
2018.5681 -0.357049
2018.5708 -0.354421
2018.5736 -0.355680
2018.5818 -0.357015
2018.5845 -0.356913
2018.5900 -0.356485
2018.5927 -0.354947
2018.5955 -0.353983
2018.5982 -0.354738
2018.6010 -0.356598
2018.6037 -0.356037
2018.6064 -0.356497
2018.6119 -0.355300
2018.6146 -0.354138
2018.6174 -0.354828
2018.6201 -0.356206
2018.6229 -0.356382
2018.6256 -0.356571
2018.6283 -0.355497
2018.6311 -0.354231
2018.6338 -0.354034
2018.6366 -0.351841
2018.6393 -0.354294
2018.6420 -0.355274
2018.6448 -0.354284
2018.6475 -0.357517
2018.6502 -0.354822
2018.6530 -0.356162
2018.6585 -0.356365
2018.6612 -0.355134
2018.6639 -0.354845
2018.6667 -0.356756
2018.6694 -0.356023
2018.6721 -0.356859
2018.6749 -0.356714
2018.6776 -0.356811
2018.6804 -0.355491
2018.6831 -0.354573
2018.6858 -0.354571
2018.6886 -0.353274
2018.6968 -0.357385
2018.6995 -0.357743
2018.7023 -0.356576
2018.7050 -0.357749
2018.7077 -0.356077
2018.7105 -0.357474
2018.7132 -0.354739
2018.7159 -0.352614
2018.7187 -0.357420
2018.7214 -0.355951
2018.7242 -0.356089
2018.7269 -0.356492
2018.7296 -0.357834
2018.7324 -0.356279
2018.7351 -0.355276
2018.7379 -0.356083
2018.7406 -0.356501
2018.7433 -0.354851
2018.7461 -0.356364
2018.7488 -0.354555
2018.7515 -0.355884
2018.7543 -0.353960
2018.7570 -0.355016
2018.7598 -0.355234
2018.7625 -0.356724
2018.7652 -0.355438
2018.7680 -0.355099
2018.7707 -0.355899
2018.7734 -0.355197
2018.7762 -0.355786
2018.7789 -0.355475
2018.7817 -0.353648
2018.7844 -0.356185
2018.7871 -0.355799
2018.7899 -0.354136
2018.7926 -0.354901
2018.7953 -0.356171
2018.7981 -0.355806
2018.8008 -0.353889
2018.8036 -0.354270
2018.8063 -0.354095
2018.8090 -0.353948
2018.8118 -0.353159
2018.8145 -0.355668
2018.8172 -0.356408
2018.8200 -0.355477
2018.8227 -0.355702
2018.8255 -0.355882
2018.8282 -0.354591
2018.8309 -0.356256
2018.8337 -0.354477
2018.8364 -0.352566
2018.8392 -0.354739
2018.8419 -0.354509
2018.8446 -0.354587
2018.8474 -0.354261
2018.8501 -0.355154
2018.8528 -0.355693
2018.8556 -0.354988
2018.8583 -0.354663
2018.8611 -0.355000
2018.8638 -0.354159
2018.8665 -0.353037
2018.8693 -0.351459
2018.8720 -0.354061
2018.8747 -0.354304
2018.8775 -0.353385
2018.8802 -0.352536
2018.8830 -0.354340
2018.8857 -0.353649
2018.8884 -0.352322
2018.8912 -0.353111
2018.8939 -0.354599
2018.8966 -0.353513
2018.8994 -0.354021
2018.9021 -0.354343
2018.9049 -0.352854
2018.9076 -0.353452
2018.9103 -0.352589
2018.9131 -0.353965
2018.9158 -0.353810
2018.9185 -0.352884
2018.9213 -0.354224
2018.9240 -0.353922
2018.9268 -0.353199
2018.9295 -0.352275
2018.9322 -0.350591
2018.9350 -0.351476
2018.9377 -0.353516
2018.9405 -0.352914
2018.9432 -0.352842
2018.9459 -0.354764
2018.9487 -0.355121
2018.9514 -0.353779
2018.9541 -0.355022
2018.9569 -0.353490
2018.9596 -0.354498
2018.9624 -0.353917
2018.9651 -0.354358
2018.9678 -0.352403
2018.9706 -0.352040
2018.9733 -0.353251
2018.9760 -0.352736
2018.9788 -0.352841
2018.9815 -0.353532
2018.9843 -0.353099
2018.9870 -0.353215
2018.9897 -0.354547
2018.9925 -0.354135
2018.9952 -0.353163
2018.9979 -0.352758
2019.0007 -0.352552
2019.0034 -0.352801
2019.0062 -0.351686
2019.0089 -0.352968
2019.0116 -0.352045
2019.0144 -0.351307
2019.0171 -0.352498
2019.0198 -0.354194
2019.0226 -0.353253
2019.0253 -0.353246
2019.0281 -0.353046
2019.0308 -0.353022
2019.0335 -0.353582
2019.0363 -0.352390
2019.0390 -0.353337
2019.0418 -0.353335
2019.0445 -0.352457
2019.0472 -0.353256
2019.0500 -0.352391
2019.0527 -0.352902
2019.0554 -0.352565
2019.0582 -0.353008
2019.0609 -0.355901
2019.0637 -0.355721
2019.0664 -0.355001
2019.0691 -0.353332
2019.0719 -0.352888
2019.0746 -0.352387
2019.0773 -0.354335
2019.0801 -0.353897
2019.0828 -0.354431
2019.0856 -0.353126
2019.0883 -0.353532
2019.0910 -0.353454
2019.0938 -0.352334
2019.0965 -0.353802
2019.0992 -0.352129
2019.1020 -0.353770
2019.1047 -0.354983
2019.1075 -0.351151
2019.1102 -0.350391
2019.1129 -0.352110
2019.1157 -0.352480
2019.1184 -0.352831
2019.1211 -0.353456
2019.1239 -0.353055
2019.1266 -0.354330
2019.1294 -0.353549
2019.1321 -0.351423
2019.1348 -0.354712
2019.1376 -0.353512
2019.1403 -0.354740
2019.1431 -0.353348
2019.1458 -0.352416
2019.1485 -0.353922
2019.1513 -0.350636
2019.1540 -0.352445
2019.1567 -0.352356
2019.1595 -0.352717
2019.1622 -0.352021
2019.1650 -0.353128
2019.1677 -0.353326
2019.1704 -0.351061
2019.1732 -0.353036
2019.1759 -0.352529
2019.1786 -0.353672
2019.1814 -0.354371
2019.1841 -0.351672
2019.1869 -0.353812
2019.1896 -0.352419
2019.1923 -0.353936
2019.1951 -0.352947
2019.1978 -0.353878
2019.2005 -0.352787
2019.2033 -0.352920
2019.2060 -0.354322
2019.2088 -0.352740
2019.2115 -0.352103
2019.2142 -0.353900
2019.2170 -0.351668
2019.2197 -0.353134
2019.2225 -0.351403
2019.2252 -0.353264
2019.2279 -0.353159
2019.2307 -0.353873
2019.2334 -0.351592
2019.2361 -0.352328
2019.2389 -0.351739
2019.2416 -0.351481
2019.2444 -0.346502
2019.2471 -0.346672
2019.2498 -0.350336
2019.2526 -0.350633
2019.2553 -0.352007
2019.2580 -0.351896
2019.2608 -0.353420
2019.2635 -0.353870
2019.2663 -0.350946
2019.2690 -0.353171
2019.2717 -0.352356
2019.2745 -0.353165
2019.2772 -0.351558
2019.2799 -0.352673
2019.2827 -0.352583
2019.2854 -0.349938
2019.2882 -0.352044
2019.2909 -0.352878
2019.2936 -0.352349
2019.2964 -0.353024
2019.2991 -0.351628
2019.3018 -0.351880
2019.3046 -0.351179
2019.3073 -0.349337
2019.3101 -0.351102
2019.3128 -0.350886
2019.3155 -0.351588
2019.3183 -0.350259
2019.3210 -0.351342
2019.3238 -0.352605
2019.3265 -0.348891
2019.3292 -0.349836
2019.3320 -0.349537
2019.3347 -0.349920
2019.3374 -0.350408
2019.3402 -0.350920
2019.3429 -0.348465
2019.3457 -0.348818
2019.3484 -0.346326
2019.3511 -0.345968
2019.3539 -0.347910
2019.3566 -0.348294
2019.3593 -0.352169
2019.3621 -0.349564
2019.3648 -0.349841
2019.3676 -0.349933
2019.3703 -0.348902
2019.3730 -0.348210
2019.3758 -0.348401
2019.3785 -0.348961
2019.3812 -0.348037
2019.3840 -0.346213
2019.3867 -0.348684
2019.3895 -0.347541
2019.3922 -0.347434
2019.3949 -0.348843
2019.3977 -0.348966
2019.4004 -0.349109
2019.4031 -0.346572
2019.4059 -0.349465
2019.4086 -0.348001
2019.4114 -0.349126
2019.4141 -0.350354
2019.4168 -0.352370
2019.4196 -0.350355
2019.4223 -0.351782
2019.4251 -0.349927
2019.4278 -0.350873
2019.4305 -0.350731
2019.4333 -0.350876
2019.4360 -0.349789
2019.4387 -0.349066
2019.4415 -0.348628
2019.4442 -0.347399
2019.4470 -0.348136
2019.4497 -0.349757
2019.4524 -0.346958
2019.4552 -0.346006
2019.4579 -0.348695
2019.4606 -0.348503
2019.4634 -0.349327
2019.4661 -0.347939
2019.4689 -0.347271
2019.4716 -0.348152
2019.4743 -0.349287
2019.4771 -0.348933
2019.4798 -0.348461
2019.4825 -0.349746
2019.4853 -0.350640
2019.4880 -0.346818
2019.4908 -0.351684
2019.4935 -0.349611
2019.4962 -0.348836
2019.4990 -0.348649
2019.5017 -0.349338
2019.5044 -0.348157
2019.5072 -0.349376
2019.5099 -0.347924
2019.5127 -0.349857
2019.5209 -0.347662
2019.5236 -0.350672
2019.5291 -0.350161
2019.5318 -0.348723
2019.5346 -0.349031
2019.5373 -0.348782
2019.5400 -0.347483
2019.5428 -0.349007
2019.5455 -0.347674
2019.5483 -0.347192
2019.5510 -0.347308
2019.5537 -0.345527
2019.5565 -0.347400
2019.5619 -0.350061
2019.5647 -0.348301
2019.5674 -0.348866
2019.5702 -0.347835
2019.5729 -0.349664
2019.5756 -0.349958
2019.5784 -0.347602
2019.5811 -0.347980
2019.5866 -0.350801
2019.5893 -0.349807
2019.5921 -0.347759
2019.5948 -0.345089
2019.5975 -0.346971
2019.6003 -0.348912
2019.6030 -0.346659
2019.6057 -0.349422
2019.6085 -0.347771
2019.6112 -0.350384
2019.6140 -0.348340
2019.6167 -0.347399
2019.6194 -0.349430
2019.6222 -0.349918
2019.6249 -0.348978
2019.6277 -0.349652
2019.6304 -0.350825
2019.6331 -0.347418
2019.6359 -0.348764
2019.6386 -0.348499
2019.6413 -0.347460
2019.6441 -0.348826
2019.6468 -0.348775
2019.6496 -0.348002
2019.6523 -0.349648
2019.6550 -0.349716
2019.6578 -0.349311
2019.6605 -0.348174
2019.6632 -0.348653
2019.6660 -0.350096
2019.6687 -0.349588
2019.6715 -0.348606
2019.6742 -0.349942
2019.6769 -0.346859
2019.6797 -0.348798
2019.6824 -0.347085
2019.6851 -0.348106
2019.6879 -0.344246
2019.6906 -0.345677
2019.6934 -0.344745
2019.6961 -0.348916
2019.6988 -0.351140
2019.7043 -0.347702
2019.7070 -0.348779
2019.7153 -0.348902
2019.7180 -0.348039
2019.7207 -0.345155
2019.7235 -0.346725
2019.7262 -0.347107
2019.7290 -0.346242
2019.7317 -0.346347
2019.7372 -0.345744
2019.7454 -0.345131
2019.7509 -0.345978
2019.7536 -0.348437
2019.7563 -0.346150
2019.7591 -0.345333
2019.7618 -0.345679
2019.7645 -0.346353
2019.7673 -0.345985
2019.7700 -0.347853
2019.7728 -0.346028
2019.7755 -0.346459
2019.7782 -0.346607
2019.7810 -0.345763
2019.7837 -0.349077
2019.7864 -0.347552
2019.7892 -0.347558
2019.7919 -0.345580
2019.7947 -0.347286
2019.7974 -0.347731
2019.8001 -0.347374
2019.8029 -0.347205
2019.8056 -0.345366
2019.8084 -0.345268
2019.8111 -0.347263
2019.8138 -0.349464
2019.8166 -0.347262
2019.8193 -0.346206
2019.8220 -0.345690
2019.8248 -0.347835
2019.8275 -0.345588
2019.8303 -0.344802
2019.8330 -0.344408
2019.8357 -0.345780
2019.8385 -0.345760
2019.8412 -0.346066
2019.8439 -0.345414
2019.8467 -0.346919
2019.8494 -0.348093
2019.8522 -0.347033
2019.8549 -0.347910
2019.8576 -0.347102
2019.8604 -0.346788
2019.8631 -0.346015
2019.8658 -0.344936
2019.8686 -0.346144
2019.8713 -0.345753
2019.8741 -0.345323
2019.8768 -0.346966
2019.8795 -0.345571
2019.8823 -0.347776
2019.8850 -0.346978
2019.8877 -0.348051
2019.8905 -0.347798
2019.8932 -0.346934
2019.8960 -0.347273
2019.8987 -0.346707
2019.9014 -0.346344
2019.9042 -0.347078
2019.9069 -0.346236
2019.9097 -0.345920
2019.9124 -0.345239
2019.9151 -0.346394
2019.9179 -0.345934
2019.9206 -0.346933
2019.9233 -0.346095
2019.9261 -0.347429
2019.9288 -0.347232
2019.9316 -0.346534
2019.9343 -0.347491
2019.9370 -0.346072
2019.9398 -0.347302
2019.9425 -0.344979
2019.9452 -0.347030
2019.9480 -0.346235
2019.9507 -0.346510
2019.9535 -0.346896
2019.9562 -0.346591
2019.9589 -0.346397
2019.9617 -0.345902
2019.9644 -0.346082
2019.9671 -0.345775
2019.9699 -0.345787
2019.9726 -0.347252
2019.9754 -0.346826
2019.9781 -0.342944
2019.9808 -0.345535
2019.9836 -0.346334
2019.9863 -0.345194
2019.9890 -0.345819
2019.9918 -0.345273
2019.9945 -0.346001
2019.9973 -0.344688
2020.0000 -0.345061
2020.0027 -0.346068
2020.0055 -0.345966
2020.0082 -0.345919
2020.0110 -0.344919
2020.0137 -0.346227
2020.0164 -0.345364
2020.0192 -0.345077
2020.0219 -0.344970
2020.0246 -0.346896
2020.0274 -0.345879
2020.0301 -0.346210
2020.0329 -0.346219
2020.0356 -0.345667
2020.0383 -0.345524
2020.0411 -0.346407
2020.0438 -0.343934
2020.0465 -0.345314
2020.0493 -0.343537
2020.0520 -0.343393
2020.0548 -0.344752
2020.0575 -0.343845
2020.0602 -0.344724
2020.0630 -0.345688
2020.0657 -0.346979
2020.0684 -0.344491
2020.0712 -0.346006
2020.0739 -0.346454
2020.0767 -0.347179
2020.0794 -0.345125
2020.0821 -0.344037
2020.0849 -0.345792
2020.0876 -0.343723
2020.0903 -0.345508
2020.0931 -0.344607
2020.0958 -0.343992
2020.0986 -0.344120
2020.1013 -0.345273
2020.1040 -0.345301
2020.1068 -0.345185
2020.1095 -0.346044
2020.1123 -0.347075
2020.1150 -0.345994
2020.1177 -0.345427
2020.1205 -0.344114
2020.1232 -0.346232
2020.1259 -0.343783
2020.1287 -0.344768
2020.1314 -0.343057
2020.1342 -0.345800
2020.1369 -0.344834
2020.1396 -0.344499
2020.1424 -0.342821
2020.1451 -0.344193
2020.1478 -0.342763
2020.1506 -0.344703
2020.1533 -0.344302
2020.1561 -0.344814
2020.1588 -0.345314
2020.1615 -0.344357
2020.1643 -0.344450
2020.1670 -0.342858
2020.1697 -0.343235
2020.1725 -0.342775
2020.1752 -0.343602
2020.1780 -0.343141
2020.1807 -0.343344
2020.1834 -0.343319
2020.1862 -0.342963
2020.1889 -0.342612
2020.1916 -0.341451
2020.1944 -0.341254
2020.1971 -0.343495
2020.1999 -0.343097
2020.2026 -0.341517
2020.2053 -0.342607
2020.2081 -0.342563
2020.2108 -0.343149
2020.2136 -0.343307
2020.2163 -0.341030
2020.2190 -0.342214
2020.2218 -0.341577
2020.2245 -0.342101
2020.2272 -0.344209
2020.2300 -0.344399
2020.2327 -0.341434
2020.2355 -0.342820
2020.2382 -0.344468
2020.2409 -0.342707
2020.2437 -0.342576
2020.2464 -0.342903
2020.2491 -0.341275
2020.2519 -0.339858
2020.2546 -0.343604
2020.2574 -0.344863
2020.2601 -0.343894
2020.2628 -0.343378
2020.2656 -0.342058
2020.2683 -0.341674
2020.2710 -0.343309
2020.2738 -0.342432
2020.2765 -0.344207
2020.2793 -0.341710
2020.2820 -0.342711
2020.2847 -0.341839
2020.2875 -0.342356
2020.2902 -0.341396
2020.2930 -0.341947
2020.2957 -0.341889
2020.2984 -0.344237
2020.3012 -0.342525
2020.3039 -0.343273
2020.3066 -0.342191
2020.3094 -0.341225
2020.3121 -0.339340
2020.3149 -0.340137
2020.3176 -0.341024
2020.3203 -0.342702
2020.3231 -0.339914
2020.3258 -0.340247
2020.3285 -0.339826
2020.3313 -0.341824
2020.3340 -0.342033
2020.3368 -0.340582
2020.3395 -0.343812
2020.3422 -0.341688
2020.3450 -0.342429
2020.3477 -0.342241
2020.3504 -0.342762
2020.3532 -0.341329
2020.3559 -0.343886
2020.3587 -0.340226
2020.3614 -0.339318
2020.3641 -0.339396
2020.3669 -0.337678
2020.3696 -0.339225
2020.3723 -0.337848
2020.3751 -0.339629
2020.3778 -0.341016
2020.3806 -0.342093
2020.3833 -0.339857
2020.3860 -0.342023
2020.3888 -0.339602
2020.3915 -0.340060
2020.3943 -0.338476
2020.3970 -0.338902
2020.3997 -0.338745
2020.4025 -0.340348
2020.4052 -0.338113
2020.4079 -0.338723
2020.4107 -0.340721
2020.4134 -0.339929
2020.4162 -0.339606
2020.4189 -0.340350
2020.4216 -0.339269
2020.4244 -0.339549
2020.4271 -0.341352
2020.4298 -0.340186
2020.4326 -0.339474
2020.4353 -0.339728
2020.4381 -0.337057
2020.4408 -0.337880
2020.4435 -0.341004
2020.4463 -0.336400
2020.4490 -0.338771
2020.4517 -0.338524
2020.4545 -0.339562
2020.4572 -0.338117
2020.4600 -0.337370
2020.4627 -0.337779
2020.4654 -0.338114
2020.4682 -0.335750
2020.4709 -0.338668
2020.4736 -0.340831
2020.4764 -0.341217
2020.4791 -0.339706
2020.4846 -0.337874
2020.4873 -0.337960
2020.4928 -0.339707
2020.4956 -0.339308
2020.4983 -0.337529
2020.5010 -0.338084
2020.5038 -0.338658
2020.5092 -0.337801
2020.5120 -0.336610
2020.5147 -0.340394
2020.5175 -0.337975
2020.5257 -0.337500
2020.5284 -0.337900
2020.5311 -0.337192
2020.5339 -0.338641
2020.5366 -0.339503
2020.5394 -0.336308
2020.5421 -0.337649
2020.5448 -0.338450
2020.5530 -0.337763
2020.5558 -0.338549
2020.5585 -0.340032
2020.5613 -0.337312
2020.5640 -0.338624
2020.5667 -0.337936
2020.5695 -0.338598
2020.5749 -0.335962
2020.5777 -0.337826
2020.5804 -0.337715
2020.5832 -0.338349
2020.5859 -0.338623
2020.5886 -0.338240
2020.5914 -0.337891
2020.5941 -0.339146
2020.5969 -0.339451
2020.5996 -0.340492
2020.6023 -0.338762
2020.6051 -0.339238
2020.6078 -0.340131
2020.6105 -0.338928
2020.6133 -0.337718
2020.6160 -0.337914
2020.6188 -0.337166
2020.6215 -0.336480
2020.6242 -0.338698
2020.6270 -0.338989
2020.6297 -0.337752
2020.6324 -0.336525
2020.6352 -0.339327
2020.6379 -0.339146
2020.6407 -0.339440
2020.6434 -0.339992
2020.6461 -0.339750
2020.6489 -0.338594
2020.6516 -0.340983
2020.6543 -0.340457
2020.6571 -0.340240
2020.6598 -0.341027
2020.6626 -0.341588
2020.6653 -0.338672
2020.6680 -0.339872
2020.6708 -0.338159
2020.6735 -0.339650
2020.6762 -0.340526
2020.6790 -0.338725
2020.6817 -0.339429
2020.6845 -0.338057
2020.6872 -0.339635
2020.6899 -0.338099
2020.6927 -0.340062
2020.6954 -0.339182
2020.6982 -0.337777
2020.7009 -0.340218
2020.7036 -0.337632
2020.7064 -0.339639
2020.7091 -0.339587
2020.7118 -0.335887
2020.7173 -0.337178
2020.7201 -0.336638
2020.7228 -0.336335
2020.7255 -0.335433
2020.7337 -0.336888
2020.7365 -0.336593
2020.7392 -0.336283
2020.7420 -0.337854
2020.7447 -0.337255
2020.7474 -0.338110
2020.7502 -0.338895
2020.7529 -0.339240
2020.7556 -0.337942
2020.7584 -0.337888
2020.7611 -0.335305
2020.7639 -0.336332
2020.7666 -0.335225
2020.7693 -0.335892
2020.7721 -0.338428
2020.7748 -0.338035
2020.7775 -0.336993
2020.7803 -0.335993
2020.7830 -0.336927
2020.7858 -0.336147
2020.7885 -0.337377
2020.7912 -0.334724
2020.7940 -0.334546
2020.7967 -0.338155
2020.7995 -0.337313
2020.8022 -0.335537
2020.8049 -0.336984
2020.8077 -0.336562
2020.8104 -0.336654
2020.8131 -0.334492
2020.8159 -0.336965
2020.8186 -0.336692
2020.8214 -0.336668
2020.8241 -0.337946
2020.8268 -0.337855
2020.8296 -0.337076
2020.8323 -0.337606
2020.8350 -0.336832
2020.8378 -0.336803
2020.8405 -0.335890
2020.8433 -0.334917
2020.8460 -0.335269
2020.8487 -0.335708
2020.8515 -0.337101
2020.8542 -0.336047
2020.8569 -0.336876
2020.8597 -0.335565
2020.8624 -0.335877
2020.8652 -0.335501
2020.8679 -0.335522
2020.8706 -0.337055
2020.8734 -0.337027
2020.8761 -0.336736
2020.8789 -0.335781
2020.8816 -0.336678
2020.8843 -0.334830
2020.8871 -0.336521
2020.8898 -0.334938
2020.8925 -0.335002
2020.8953 -0.334295
2020.8980 -0.335352
2020.9008 -0.335559
2020.9035 -0.334672
2020.9062 -0.336015
2020.9090 -0.336106
2020.9117 -0.336919
2020.9144 -0.336351
2020.9172 -0.337668
2020.9199 -0.336499
2020.9227 -0.335576
2020.9254 -0.335296
2020.9281 -0.336158
2020.9309 -0.334567
2020.9336 -0.337290
2020.9363 -0.338596
2020.9391 -0.337713
2020.9418 -0.337498
2020.9446 -0.336308
2020.9473 -0.337853
2020.9500 -0.337539
2020.9528 -0.336965
2020.9555 -0.337061
2020.9582 -0.338054
2020.9610 -0.338445
2020.9637 -0.337622
2020.9665 -0.337863
2020.9692 -0.338659
2020.9719 -0.338394
2020.9747 -0.337866
2020.9774 -0.339192
2020.9802 -0.338513
2020.9829 -0.338754
2020.9856 -0.339639
2020.9884 -0.338033
2020.9911 -0.338373
2020.9938 -0.339206
2020.9966 -0.339227
2020.9993 -0.337654
2021.0021 -0.339079
2021.0048 -0.338401
2021.0075 -0.337495
2021.0103 -0.338015
2021.0130 -0.335751
2021.0157 -0.335877
2021.0185 -0.336283
2021.0212 -0.334396
2021.0240 -0.336087
2021.0267 -0.335484
2021.0294 -0.336366
2021.0322 -0.337248
2021.0349 -0.336941
2021.0376 -0.335967
2021.0404 -0.337672
2021.0431 -0.335708
2021.0459 -0.335511
2021.0486 -0.335824
2021.0513 -0.335588
2021.0541 -0.335430
2021.0568 -0.336610
2021.0595 -0.335500
2021.0623 -0.336643
2021.0650 -0.334516
2021.0678 -0.336531
2021.0705 -0.337422
2021.0732 -0.338130
2021.0760 -0.337424
2021.0787 -0.338075
2021.0815 -0.335688
2021.0842 -0.338300
2021.0869 -0.336258
2021.0897 -0.335364
2021.0924 -0.335731
2021.0979 -0.336424
2021.1006 -0.340299
2021.1034 -0.337236
2021.1061 -0.334069
2021.1088 -0.333492
2021.1116 -0.333935
2021.1143 -0.334767
2021.1170 -0.334333
2021.1198 -0.333937
2021.1225 -0.335965
2021.1253 -0.335318
2021.1280 -0.335651
2021.1307 -0.333711
2021.1335 -0.334214
2021.1362 -0.335622
2021.1389 -0.335485
2021.1417 -0.334065
2021.1444 -0.333546
2021.1472 -0.334994
2021.1499 -0.333162
2021.1526 -0.334645
2021.1554 -0.333908
2021.1581 -0.335851
2021.1608 -0.335327
2021.1636 -0.333917
2021.1663 -0.334921
2021.1691 -0.334081
2021.1718 -0.333198
2021.1745 -0.329403
2021.1773 -0.329956
2021.1800 -0.330969
2021.1828 -0.335039
2021.1855 -0.334240
2021.1882 -0.334317
2021.1910 -0.334147
2021.1937 -0.333393
2021.1964 -0.334953
2021.1992 -0.332630
2021.2019 -0.333779
2021.2047 -0.336147
2021.2074 -0.335004
2021.2101 -0.335862
2021.2129 -0.335901
2021.2156 -0.332464
2021.2183 -0.333936
2021.2211 -0.336355
2021.2238 -0.334789
2021.2266 -0.333469
2021.2293 -0.335731
2021.2320 -0.337952
2021.2348 -0.336166
2021.2375 -0.335965
2021.2402 -0.336150
2021.2430 -0.336492
2021.2457 -0.331557
2021.2485 -0.335948
2021.2512 -0.332400
2021.2539 -0.336579
2021.2567 -0.335401
2021.2594 -0.333862
2021.2621 -0.334340
2021.2649 -0.336577
2021.2676 -0.327832
2021.2704 -0.332683
2021.2731 -0.332334
2021.2758 -0.331890
2021.2786 -0.334511
2021.2813 -0.333529
2021.2841 -0.332643
2021.2868 -0.332072
2021.2895 -0.334808
2021.2923 -0.332051
2021.2950 -0.328515
2021.2977 -0.331169
2021.3005 -0.329474
2021.3032 -0.333052
2021.3060 -0.335108
2021.3087 -0.332646
2021.3114 -0.332040
2021.3142 -0.331386
2021.3169 -0.332145
2021.3196 -0.334660
2021.3224 -0.332980
2021.3251 -0.333312
2021.3279 -0.333467
2021.3306 -0.332393
2021.3333 -0.333085
2021.3361 -0.332051
2021.3388 -0.331067
2021.3415 -0.332007
2021.3443 -0.331789
2021.3470 -0.332549
2021.3498 -0.331829
2021.3525 -0.332055
2021.3552 -0.330872
2021.3580 -0.330369
2021.3607 -0.332380
2021.3634 -0.332077
2021.3662 -0.329837
2021.3689 -0.330247
2021.3717 -0.328011
2021.3744 -0.333248
2021.3771 -0.333237
2021.3799 -0.331943
2021.3826 -0.333268
2021.3854 -0.331024
2021.3881 -0.330157
2021.3908 -0.329951
2021.3936 -0.331510
2021.3963 -0.330271
2021.3990 -0.330975
2021.4073 -0.331164
2021.4100 -0.329683
2021.4127 -0.327300
2021.4155 -0.329773
2021.4182 -0.328790
2021.4209 -0.329348
2021.4237 -0.329711
2021.4264 -0.329694
2021.4292 -0.329739
2021.4319 -0.326515
2021.4346 -0.330725
2021.4374 -0.328316
2021.4401 -0.327855
2021.4428 -0.330612
2021.4456 -0.329867
2021.4483 -0.329181
2021.4511 -0.329368
2021.4565 -0.330735
2021.4593 -0.331177
2021.4620 -0.330826
2021.4648 -0.333436
2021.4702 -0.333052
2021.4730 -0.330485
2021.4757 -0.321477
2021.4784 -0.330061
2021.4812 -0.332382
2021.4867 -0.332215
2021.4894 -0.332532
2021.4921 -0.333247
2021.4976 -0.328360
2021.5031 -0.330291
2021.5058 -0.328987
2021.5086 -0.331166
2021.5113 -0.328692
2021.5140 -0.326428
2021.5168 -0.328409
2021.5195 -0.326527
2021.5222 -0.333263
2021.5250 -0.327960
2021.5277 -0.332858
2021.5305 -0.327929
2021.5332 -0.328798
2021.5359 -0.325635
2021.5387 -0.328800
2021.5441 -0.326293
2021.5469 -0.328244
2021.5496 -0.328249
2021.5524 -0.330104
2021.5551 -0.327515
2021.5578 -0.327805
2021.5606 -0.329121
2021.5633 -0.326216
2021.5661 -0.327843
2021.5688 -0.329459
2021.5715 -0.330567
2021.5743 -0.328860
2021.5770 -0.329941
2021.5797 -0.328838
2021.5825 -0.330224
2021.5852 -0.326654
2021.5880 -0.330644
2021.5907 -0.329208
2021.5934 -0.330115
2021.5962 -0.330302
2021.5989 -0.330725
2021.6016 -0.331825
2021.6044 -0.329578
2021.6071 -0.332528
2021.6099 -0.332297
2021.6126 -0.332372
2021.6153 -0.331235
2021.6181 -0.333091
2021.6235 -0.328597
2021.6263 -0.329321
2021.6290 -0.331204
2021.6345 -0.330866
2021.6372 -0.329854
2021.6400 -0.330701
2021.6454 -0.329353
2021.6482 -0.327985
2021.6537 -0.328115
2021.6564 -0.329195
2021.6619 -0.328010
2021.6646 -0.327520
2021.6674 -0.327394
2021.6701 -0.327065
2021.6728 -0.326485
2021.6756 -0.326641
2021.6783 -0.326998
2021.6810 -0.330984
2021.6838 -0.328403
2021.6865 -0.322755
2021.6893 -0.326139
2021.6920 -0.326112
2021.6947 -0.327531
2021.6975 -0.324826
2021.7002 -0.326523
2021.7029 -0.327900
2021.7057 -0.327321
2021.7084 -0.325305
2021.7112 -0.325308
2021.7139 -0.327104
2021.7166 -0.329261
2021.7194 -0.327870
2021.7221 -0.327369
2021.7248 -0.325898
2021.7276 -0.325030
2021.7303 -0.325355
2021.7331 -0.325690
2021.7358 -0.324885
2021.7385 -0.326256
2021.7413 -0.326390
2021.7440 -0.327285
2021.7467 -0.328181
2021.7495 -0.329411
2021.7522 -0.327452
2021.7550 -0.327520
2021.7577 -0.327688
2021.7604 -0.326224
2021.7632 -0.324953
2021.7659 -0.327527
2021.7687 -0.325687
2021.7714 -0.325745
2021.7741 -0.326797
2021.7769 -0.327557
2021.7796 -0.325019
2021.7823 -0.327744
2021.7851 -0.325989
2021.7878 -0.325767
2021.7906 -0.326723
2021.7933 -0.326146
2021.7960 -0.324777
2021.7988 -0.329057
2021.8015 -0.329327
2021.8042 -0.327300
2021.8070 -0.326265
2021.8097 -0.325711
2021.8125 -0.326312
2021.8152 -0.325165
2021.8179 -0.327932
2021.8207 -0.328840
2021.8234 -0.326864
2021.8261 -0.328230
2021.8289 -0.328626
2021.8316 -0.327292
2021.8344 -0.328610
2021.8371 -0.327768
2021.8398 -0.329065
2021.8426 -0.327933
2021.8453 -0.327743
2021.8480 -0.327541
2021.8508 -0.324786
2021.8535 -0.326346
2021.8563 -0.326364
2021.8590 -0.328251
2021.8617 -0.326200
2021.8645 -0.325737
2021.8672 -0.330276
2021.8700 -0.326950
2021.8727 -0.328213
2021.8754 -0.329352
2021.8782 -0.329256
2021.8809 -0.329298
2021.8836 -0.330239
2021.8864 -0.330097
2021.8891 -0.328465
2021.8919 -0.327157
2021.8946 -0.328864
2021.8973 -0.328155
2021.9001 -0.327515
2021.9028 -0.329307
2021.9055 -0.330287
2021.9083 -0.328986
2021.9110 -0.327052
2021.9138 -0.327344
2021.9165 -0.329904
2021.9192 -0.328591
2021.9220 -0.328635
2021.9247 -0.328916
2021.9274 -0.328947
