10.0 4.1
10.0 4.5
10.0 4.3
10.0 4.4
10.0 4.3
10.0 5.3
10.0 3.9
10.0 3.8
19.78 4.0
35.0 4.7
49.76 4.4
10.0 4.8
4.66 4.4
46.02 4.1
10.0 4.6
10.0 4.0
16.25 4.4
11.47 4.5
10.0 4.6
10.0 5.0
10.0 4.2
29.92 4.9
10.0 4.6
36.67 4.1
10.0 4.6
10.0 4.5
27.7 4.3
10.0 4.9
28.96 4.4
10.0 4.2
31.19 4.3
18.73 4.3
34.06 4.5
24.39 4.5
10.0 3.9
17.78 4.6
10.0 4.7
36.94 4.4
36.63 5.2
10.0 5.4
22.34 4.6
30.29 4.4
10.0 4.0
25.2 4.2
10.0 4.4
9.03 4.6
10.0 4.7
10.0 3.5
10.0 4.1
10.0 4.6
10.0 4.0
10.0 4.3
10.0 4.2
11.05 4.3
10.0 4.0
4.44 5.1
9.36 5.4
10.37 4.0
6.99 4.5
10.0 4.0
35.12 4.3
22.11 4.4
10.0 4.0
15.99 4.5
10.23 4.5
39.31 4.2
37.62 4.1
25.81 4.1
55.92 4.3
10.0 4.1
10.0 4.3
10.22 4.1
10.0 5.0
23.69 4.2
10.0 4.1
10.0 4.0
27.09 4.3
10.0 4.4
14.88 3.9
10.0 4.7
19.24 5.0
50.32 3.7
21.15 4.1
25.95 5.2
10.0 4.1
10.0 4.2
10.0 4.1
24.65 4.2
19.01 4.5
10.0 4.1
10.0 4.4
10.0 4.1
14.16 4.0
10.0 5.4
77.42 4.7
8.19 4.6
16.51 5.0
10.0 4.5
48.22 4.3
10.0 4.9
10.0 4.0
34.7 4.2
14.04 4.3
10.0 4.0
10.0 4.3
10.0 4.5
10.0 4.4
35.0 4.6
48.82 4.4
10.0 4.4
7.48 4.2
18.5 4.0
16.02 4.1
18.0 3.6
14.0 4.5
18.0 3.5
0.0 3.6
10.0 4.2
0.0 3.5
35.0 3.9
10.0 4.0
8.7 5.0
0.0 3.7
0.0 3.3
0.0 3.7
10.0 3.9
0.0 3.6
10.6 3.8
35.0 3.8
13.2 4.2
35.0 3.5
22.8 4.7
23.0 4.4
19.0 3.7
19.0 4.6
35.0 3.7
5.7 4.2
0.0 3.6
0.0 3.6
0.0 3.6
19.0 3.6
11.6 4.4
10.0 4.0
8.8 3.9
19.0 4.1
18.0 3.8
25.0 4.4
23.0 3.5
0.0 3.4
19.0 3.6
35.0 4.0
35.0 3.8
0.0 3.5
0.0 3.3
9.9 3.9
35.0 3.6
10.0 3.6
19.0 3.6
0.0 3.7
10.0 3.8
19.0 4.2
9.0 4.3
35.0 3.9
10.0 3.8
0.0 3.8
19.4 4.2
18.0 4.2
19.0 3.8
10.0 3.9
0.0 3.6
35.0 3.7
10.0 4.5
15.6 3.0
18.4 4.2
18.0 3.7
10.0 3.9
12.0 3.8
10.0 4.5
35.0 3.4
35.0 4.0
19.0 4.3
18.0 3.6
10.0 4.0
24.3 4.7
18.0 3.7
24.4 5.3
10.0 3.5
10.0 3.7
0.0 3.7
10.0 4.3
19.0 4.1
18.0 3.6
10.0 4.7
10.0 3.7
10.0 3.6
10.0 3.7
10.0 4.3
10.0 4.3
10.0 4.0
0.0 3.3
19.0 3.6
18.8 4.1
17.9 4.8
19.0 4.0
13.2 4.4
19.1 4.8
13.5 4.2
0.0 3.4
0.0 3.7
10.0 3.8
0.0 3.7
0.0 3.7
16.9 4.2
0.0 3.7
10.0 3.8
13.6 3.5
13.9 4.0
10.0 3.3
10.0 3.7
0.0 3.9
0.0 3.8
0.0 3.3
10.0 3.6
12.4 4.3
0.0 3.6
0.0 3.5
10.0 3.8
10.0 3.4
4.5 4.8
10.0 3.7
7.5 3.9
10.0 3.7
10.0 3.6
10.0 4.0
10.0 3.6
0.0 3.4
12.0 4.1
15.4 4.4
14.7 4.4
19.0 3.8
15.7 4.6
10.0 3.7
10.0 3.5
10.0 3.6
18.0 3.7
0.0 3.3
19.0 3.5
0.0 3.3
2.0 4.3
19.0 3.5
13.1 4.4
10.0 3.4
0.0 3.3
10.0 3.9
0.0 3.3
15.4 3.9
10.0 4.3
19.0 4.1
19.0 4.3
19.1 4.7
0.0 3.5
0.0 3.3
0.0 3.6
0.0 3.7
18.0 4.0
19.0 3.5
10.0 4.0
10.0 4.6
0.0 3.3
19.0 4.2
0.0 3.5
19.0 4.4
10.0 4.1
10.0 3.7
0.0 3.7
0.0 3.5
0.0 3.5
10.0 3.8
35.0 3.8
22.3 4.3
35.0 3.8
0.0 3.7
12.7 4.4
12.0 4.1
0.0 3.7
10.0 3.8
0.0 3.4
19.0 3.9
19.0 3.9
19.0 3.9
20.1 5.3
0.0 3.6
0.0 3.5
10.0 4.2
8.2 4.7
10.0 4.1
10.0 3.8
19.0 3.7
0.0 3.6
10.0 3.7
23.2 3.6
13.4 4.9
0.0 3.5
19.0 3.6
35.0 3.7
0.0 3.7
19.0 3.6
0.0 3.5
35.0 3.5
15.9 3.9
19.0 4.0
10.0 3.7
19.0 4.4
19.0 4.4
0.0 3.6
13.2 5.0
0.0 3.9
10.0 3.6
10.0 3.9
10.0 3.7
19.0 3.6
10.0 3.9
10.0 4.2
19.0 4.2
10.0 3.9
11.1 4.8
0.7 3.8
10.6 4.5
15.5 4.7
0.0 3.5
18.0 4.0
16.8 3.9
14.9 4.1
15.5 4.1
19.0 3.6
19.0 3.6
14.8 3.7
19.0 4.0
2.5 5.2
10.0 3.4
19.0 4.0
6.8 4.3
19.0 3.6
10.7 4.5
10.7 4.3
0.0 3.4
8.6 4.1
10.0 4.0
19.0 4.8
19.0 4.4
10.0 3.1
19.0 4.0
10.0 4.0
19.0 4.4
19.0 4.2
17.3 4.4
0.0 3.3
19.0 4.5
7.4 3.6
12.1 4.4
9.2 4.4
19.0 4.2
0.0 3.7
19.0 4.1
19.0 4.4
3.7 4.0
6.3 4.5
0.0 3.6
19.0 4.3
0.0 3.9
10.0 3.2
7.2 4.4
19.0 3.7
19.0 4.1
7.9 4.2
19.0 4.0
10.0 3.4
18.0 3.5
10.0 4.0
4.9 4.5
10.0 4.6
14.7 4.5
19.0 4.4
0.0 3.8
10.5 4.3
11.9 4.2
0.0 3.6
19.0 3.5
10.0 3.6
19.0 4.2
10.0 3.7
10.0 4.5
10.0 3.6
19.0 3.7
10.0 3.5
10.0 3.7
19.0 3.7
19.0 3.7
15.7 4.6
10.4 4.5
0.0 3.7
10.0 4.0
19.0 4.3
10.0 3.8
10.0 3.9
10.0 3.9
5.0 4.0
7.7 4.4
14.3 4.3
10.0 4.5
11.9 4.8
9.8 5.2
10.0 3.7
9.5 5.1
19.0 4.3
20.3 5.0
2.2 4.2
4.0 3.6
19.0 3.6
12.7 4.5
10.0 4.2
12.0 4.9
10.0 4.4
10.8 4.9
13.7 4.9
13.8 6.1
11.0 5.4
19.0 4.1
19.0 3.8
10.0 3.9
19.0 5.0
10.0 4.8
19.0 4.8
11.4 4.9
12.6 5.5
19.0 4.4
10.0 4.9
12.3 7.2
0.0 3.4
12.0 3.7
10.0 3.6
18.0 3.7
18.0 3.6
9.6 4.3
18.0 4.3
19.0 3.5
0.0 3.7
18.0 4.0
0.0 3.6
0.0 3.6
0.0 3.5
10.0 3.3
10.0 3.7
10.0 4.3
0.0 3.7
10.0 3.8
0.0 3.6
0.0 3.5
13.9 4.0
0.0 3.7
19.0 3.6
10.0 3.6
12.0 4.0
10.0 3.8
10.0 3.8
0.0 3.5
8.3 4.2
19.0 3.9
10.0 3.6
14.3 4.9
0.0 3.5
18.0 4.0
12.0 3.4
0.0 3.4
0.0 4.0
10.0 3.5
35.0 3.2
10.0 3.8
57.0 3.7
12.0 3.7
0.0 3.5
0.0 3.3
10.0 3.6
0.0 3.8
12.2 4.1
18.0 4.1
12.0 3.7
0.0 3.6
10.0 4.2
18.0 3.8
19.0 4.1
10.0 3.8
10.0 3.7
11.6 4.0
0.0 3.5
0.0 3.6
10.0 4.5
19.0 4.5
10.0 4.2
10.0 3.7
0.0 3.5
0.0 3.3
12.0 3.6
0.0 3.6
35.0 3.6
13.2 4.3
7.6 3.6
10.0 3.6
10.0 4.0
10.0 4.0
10.0 3.5
10.0 3.6
12.0 3.6
11.1 4.3
12.0 3.6
0.0 3.3
10.0 4.3
10.0 3.8
0.0 3.2
19.0 3.7
18.0 4.2
18.0 3.6
15.8 4.9
10.0 3.9
18.0 4.0
0.0 3.7
19.0 4.0
10.0 4.0
10.0 4.0
10.0 4.1
19.0 3.6
10.0 4.0
12.0 3.6
10.0 3.5
18.0 3.9
19.0 3.7
0.0 3.6
35.0 3.9
10.8 3.8
19.0 3.6
10.0 4.0
0.0 3.4
0.0 3.3
19.0 3.8
0.0 3.2
0.0 3.3
18.0 3.5
19.0 3.8
0.0 3.4
19.0 3.4
0.0 3.7
0.0 3.6
0.0 3.6
0.0 3.5
18.0 3.8
10.0 3.7
10.3 4.3
35.0 3.7
18.0 3.6
35.0 4.5
19.0 3.5
10.0 3.4
18.0 4.4
7.7 4.1
0.0 3.5
19.0 3.5
35.0 4.0
10.0 3.5
0.0 3.5
18.6 4.6
12.2 4.2
10.0 3.8
10.0 3.7
19.0 3.9
0.0 3.7
0.0 3.6
0.0 3.4
0.0 3.7
19.0 3.8
18.0 3.7
0.0 3.8
12.0 3.9
19.0 3.6
18.0 4.1
0.0 3.2
10.0 4.0
0.0 3.7
0.0 3.1
0.0 3.5
0.0 3.5
0.0 3.7
19.0 3.9
0.0 3.3
0.0 3.4
0.0 3.6
18.0 3.7
12.0 3.6
18.0 3.8
10.0 3.9
0.0 3.4
19.0 3.8
10.0 3.7
18.0 3.7
19.0 3.8
10.0 3.9
13.2 4.2
0.0 3.5
0.0 3.6
0.0 3.8
0.0 3.6
17.3 3.6
12.0 3.6
10.0 4.2
18.0 3.7
0.0 3.3
0.0 3.3
0.0 3.7
12.8 4.8
0.0 3.5
18.0 3.7
12.0 3.8
10.0 3.8
10.0 3.5
12.7 3.8
0.0 3.2
11.1 4.3
10.0 4.0
15.0 4.0
13.2 4.3
19.0 3.5
0.0 3.4
10.0 4.3
10.0 3.6
19.6 5.0
18.0 3.6
0.0 3.6
10.0 3.8
0.0 3.7
12.0 3.9
18.0 3.7
19.0 4.0
0.0 3.7
0.0 3.6
18.0 3.6
19.1 4.1
0.0 3.6
0.0 3.5
12.0 3.4
0.0 3.5
12.0 3.8
0.0 3.7
19.0 4.3
0.0 3.5
11.4 4.1
19.0 3.7
19.0 3.8
0.0 3.9
4.5 3.9
9.0 4.6
12.9 3.9
0.0 3.7
10.0 3.7
10.0 3.6
19.0 4.3
19.0 3.9
10.0 3.6
10.0 3.8
19.0 3.5
19.0 3.6
22.8 4.4
18.0 4.2
10.0 3.8
0.0 3.4
19.0 3.7
16.8 5.2
10.0 3.6
19.0 3.8
15.5 4.3
20.8 4.5
10.0 3.6
0.0 3.6
10.0 3.6
13.1 4.5
19.0 3.6
10.0 4.0
19.0 3.6
12.0 3.9
18.0 4.1
0.0 4.0
17.2 4.3
0.0 3.7
0.0 3.8
19.0 3.9
0.0 3.8
10.0 3.7
0.0 3.8
9.4 4.4
16.2 4.6
0.0 3.7
0.0 3.9
10.0 3.8
19.0 4.4
0.0 3.6
19.0 3.4
19.0 4.3
0.0 3.5
19.0 3.8
19.0 3.6
19.0 4.2
10.0 4.3
22.5 4.7
19.0 4.0
17.2 4.9
19.0 3.8
10.0 5.1
10.0 5.0
13.4 6.7
0.0 3.5
10.0 3.9
10.0 3.9
10.0 3.7
10.0 3.7
12.6 4.0
18.0 4.1
10.2 4.0
15.0 4.3
10.0 3.6
10.0 3.6
10.0 3.6
13.3 4.5
18.0 3.7
19.0 4.1
19.0 3.7
12.0 3.7
10.0 4.2
0.0 3.4
10.0 4.0
0.0 4.0
0.0 3.8
12.0 4.0
10.0 3.4
18.0 3.8
10.0 4.1
0.0 3.5
14.9 4.5
10.0 3.7
0.0 3.6
10.0 4.7
13.7 5.2
0.0 3.7
10.0 4.0
19.0 3.6
0.0 3.7
10.0 3.9
18.0 3.5
18.0 3.5
0.0 3.8
7.9 4.6
10.0 3.9
0.0 3.7
12.1 4.4
13.6 3.9
18.0 3.7
15.9 4.4
0.0 3.9
10.0 3.7
18.0 3.7
0.0 3.4
0.0 3.3
0.0 3.4
0.0 3.4
10.9 4.2
0.0 3.7
0.0 3.2
18.0 3.7
18.0 3.6
0.0 3.5
19.0 3.7
10.0 3.7
8.6 4.5
9.9 5.3
10.0 3.6
10.0 3.2
10.0 3.6
0.0 3.4
0.0 3.1
10.0 3.6
13.5 4.9
10.0 3.8
0.0 3.7
10.0 3.7
10.0 3.9
18.0 3.7
0.0 3.5
17.9 3.9
10.0 3.9
19.0 3.5
18.0 3.7
8.1 3.9
12.0 3.6
11.9 3.9
10.0 3.8
18.0 3.7
11.7 3.6
0.0 3.4
10.5 4.6
12.0 3.6
10.0 3.5
12.0 3.6
10.0 4.2
18.0 3.7
10.0 3.7
16.7 4.7
0.0 3.8
12.0 4.6
10.0 4.3
10.7 3.8
0.0 3.4
0.0 3.3
0.0 3.1
10.0 3.8
10.0 3.6
10.0 4.7
15.1 5.2
0.0 3.4
28.7 4.0
0.0 3.4
25.0 4.6
10.0 4.2
13.2 4.5
10.0 3.8
15.7 4.3
19.7 4.2
10.0 3.4
0.0 4.1
22.9 4.2
10.0 3.6
18.0 4.5
19.0 4.4
19.0 4.2
19.0 4.0
0.0 3.3
11.0 4.2
0.0 3.8
0.0 3.6
13.4 4.6
0.0 3.7
10.0 4.0
6.4 4.2
0.0 3.7
0.0 3.7
19.0 4.8
9.6 4.1
10.0 3.8
18.0 3.6
8.2 4.4
10.0 3.6
8.2 4.2
0.0 3.5
0.0 3.5
18.0 3.7
8.1 4.0
25.5 4.4
10.0 4.0
10.0 3.7
10.0 4.6
6.9 4.3
10.2 4.9
17.9 4.4
19.0 4.7
10.0 5.0
9.3 5.7
18.0 3.8
0.0 3.7
17.7 4.8
10.0 4.4
12.9 5.3
11.3 3.7
12.9 4.4
12.0 3.5
10.0 4.0
12.0 3.9
8.0 4.2
12.9 4.6
15.2 5.0
12.6 4.6
15.2 4.9
17.2 4.7
10.0 4.8
10.8 4.9
15.0 3.9
6.8 4.6
3.5 4.4
13.5 4.4
10.1 5.0
19.0 3.8
10.0 3.8
18.0 4.4
11.5 4.5
0.0 3.6
0.0 3.7
12.0 3.9
19.0 3.8
18.0 4.3
14.2 4.3
0.0 3.7
10.0 4.0
10.0 3.8
0.0 3.7
7.5 4.4
10.0 4.2
14.0 3.8
19.0 3.5
13.2 4.0
12.0 4.7
10.0 3.9
10.0 4.8
26.5 4.9
10.0 4.3
18.0 4.2
15.4 4.4
19.0 4.0
19.0 4.4
0.0 4.0
13.3 5.1
8.4 5.5
10.0 4.3
9.6 5.0
14.7 6.7
15.1 4.6
0.0 4.3
10.0 4.9
14.7 5.1
0.0 4.0
18.0 4.0
10.0 4.6
10.0 4.2
0.0 4.4
0.0 3.9
18.0 4.0
23.0 4.7
10.7 4.8
10.0 4.5
10.0 4.5
15.6 5.0
10.0 4.6
18.0 4.8
0.0 4.8
18.0 5.0
12.0 4.9
12.1 5.1
10.0 5.4
0.0 4.9
19.0 5.6
10.0 5.3
10.0 6.1
10.0 5.8
13.4 7.9
36.0 3.7
35.0 3.3
22.8 4.4
10.0 3.8
22.7 5.0
5.0 3.4
0.0 3.9
80.5 4.6
10.0 4.3
0.0 3.7
0.0 3.5
0.0 3.4
18.3 3.6
35.0 3.7
0.0 3.5
35.0 3.5
31.6 3.1
23.0 3.5
0.0 3.4
3.7 3.6
10.0 4.8
35.0 3.3
17.0 3.4
17.0 3.5
0.0 3.5
10.0 4.0
0.0 3.4
0.0 3.9
35.0 3.5
33.0 4.2
45.0 4.0
0.0 3.7
89.0 4.9
11.8 3.4
0.0 3.2
33.6 5.0
0.0 3.5
0.0 3.2
0.0 3.9
0.0 3.6
0.0 3.5
8.0 3.0
17.0 3.6
11.5 4.4
0.0 3.7
35.0 4.2
0.0 3.4
10.0 3.7
35.0 3.5
7.2 4.3
0.0 3.4
49.3 4.0
3.2 4.1
0.0 3.4
25.3 4.2
10.0 3.4
60.0 4.4
0.0 3.8
34.9 3.4
11.2 3.3
10.0 5.2
2.0 6.0
0.0 3.6
10.0 4.3
0.0 3.8
0.0 3.8
0.0 3.5
0.0 3.6
0.0 3.6
14.9 4.0
8.4 4.2
16.0 4.3
0.0 3.6
16.3 4.4
15.0 3.9
35.0 3.5
0.0 3.6
10.0 4.0
30.0 4.1
20.0 4.3
35.0 4.0
0.0 3.5
17.0 3.8
16.0 3.5
30.0 3.0
0.0 3.2
35.0 3.5
27.0 3.8
35.0 4.7
10.0 3.7
34.0 3.4
0.0 3.4
10.0 3.5
10.0 4.2
40.0 3.9
0.0 3.3
0.0 3.3
31.0 3.4
10.0 3.6
0.0 3.5
0.0 3.6
28.3 3.5
27.0 3.6
17.9 3.5
0.0 3.7
35.0 4.0
48.2 3.5
10.0 4.7
2.7 3.7
31.0 4.0
41.0 4.3
5.0 3.4
4.0 3.8
82.4 3.2
60.0 4.6
21.0 3.6
18.9 4.9
0.0 4.1
10.0 3.7
24.0 3.8
10.0 3.5
0.0 3.5
13.4 3.7
17.3 3.6
35.0 3.9
35.0 3.8
52.4 4.1
62.0 4.9
10.0 3.5
10.0 3.0
26.1 3.0
0.0 3.4
14.1 3.7
0.0 3.6
0.0 3.5
34.0 4.3
52.0 4.7
45.1 4.1
15.0 4.1
19.7 5.0
60.0 4.5
35.0 3.5
10.0 3.2
31.3 3.8
28.0 3.5
18.6 3.6
10.0 3.9
15.9 3.5
10.0 4.7
10.0 3.2
7.0 4.5
43.3 3.8
10.0 3.6
11.9 3.0
37.0 3.8
27.0 4.0
35.0 3.5
10.0 3.6
24.3 3.5
0.0 3.7
27.0 3.6
10.0 3.0
10.0 3.2
23.0 3.7
10.3 3.7
10.0 4.2
10.0 3.2
0.0 3.3
10.0 3.1
35.0 3.7
0.0 3.6
0.0 3.1
16.2 5.0
10.0 3.3
10.0 4.0
19.6 3.3
16.0 3.5
10.0 3.6
10.0 4.2
37.0 3.7
10.0 4.1
17.0 3.8
0.0 3.4
10.0 3.7
10.0 3.4
100.0 3.7
10.0 3.7
19.0 3.7
10.0 3.3
35.0 3.7
27.0 4.5
20.0 3.1
0.0 3.6
10.0 3.5
10.0 3.0
30.0 3.3
37.0 3.8
15.5 5.0
0.0 3.6
35.0 3.4
35.0 3.5
17.0 4.7
15.0 3.2
28.5 4.3
100.0 4.2
9.3 3.4
35.0 3.6
35.0 3.6
10.0 4.7
0.0 3.2
27.0 3.6
27.0 4.8
74.9 4.5
31.0 3.4
10.0 3.4
0.0 3.5
81.2 3.6
10.0 4.2
11.5 3.2
0.0 3.5
25.0 3.2
0.0 3.1
12.3 3.0
20.0 3.2
5.9 4.6
35.0 3.8
37.0 3.6
34.6 4.5
35.0 3.3
13.6 3.7
35.0 3.9
10.0 4.6
23.5 4.4
35.0 4.0
23.9 5.0
14.5 3.3
58.9 4.2
34.0 3.8
67.1 4.7
38.5 4.2
35.0 4.5
0.0 3.7
32.3 4.4
25.3 4.5
23.0 4.6
37.0 4.3
32.0 5.0
34.1 3.3
27.0 4.1
22.5 4.9
37.0 4.3
8.1 3.5
19.4 3.5
30.4 3.2
11.6 3.7
35.0 3.5
14.3 4.5
10.0 3.8
18.9 4.8
35.0 3.3
0.0 3.4
19.4 4.3
44.4 4.3
17.0 3.9
0.0 3.9
6.3 3.0
15.0 3.1
54.0 3.6
0.0 3.2
35.0 3.8
27.0 3.6
30.5 5.0
35.0 4.3
10.0 3.8
0.8 3.1
31.9 4.6
17.0 4.4
17.0 3.7
17.0 3.7
13.1 3.7
10.0 3.7
20.0 3.5
20.0 3.5
36.0 3.4
1.0 3.7
0.0 3.2
32.3 4.0
17.0 3.4
36.6 3.5
0.0 3.5
5.2 3.6
10.0 3.6
35.0 3.3
31.6 4.3
10.0 4.6
56.6 3.8
82.4 4.0
33.0 3.7
10.0 3.7
10.0 3.9
40.1 4.2
23.2 3.9
28.1 3.9
35.0 3.3
19.0 3.5
10.0 3.5
4.4 3.8
22.0 3.4
10.0 3.6
8.1 3.4
12.4 4.5
10.0 3.0
12.6 3.4
15.0 3.4
71.0 3.4
23.0 3.6
10.0 3.8
35.0 3.8
10.0 3.5
21.1 3.4
10.0 3.8
21.4 4.8
10.5 3.0
22.0 3.8
25.0 3.1
30.0 3.3
20.6 3.2
13.9 3.0
10.0 3.4
19.9 3.2
25.0 3.3
35.0 3.5
20.0 3.3
42.3 3.9
13.2 4.6
34.0 4.0
35.0 3.8
25.3 3.3
19.3 3.2
39.9 3.5
22.0 4.7
11.7 3.5
26.0 3.4
29.3 4.8
29.6 6.9
20.8 3.7
10.0 3.9
30.0 3.9
27.0 4.0
15.9 4.0
35.0 4.2
0.0 3.7
0.0 3.5
46.7 3.7
0.0 3.3
10.0 3.0
16.7 3.4
35.0 3.7
23.0 4.0
17.0 3.7
0.0 3.4
30.2 5.0
0.0 3.5
35.0 3.4
10.0 4.0
17.0 3.6
0.0 3.8
0.0 3.6
27.0 3.5
50.0 3.7
34.0 3.4
17.0 3.5
17.0 3.3
0.0 3.9
23.0 3.6
17.0 3.4
17.0 3.6
17.4 5.4
10.0 4.0
35.0 3.9
0.0 3.4
0.0 4.0
97.2 3.6
18.0 3.6
35.0 3.2
35.0 3.6
17.0 3.6
30.9 4.5
44.1 4.0
71.0 3.9
8.0 3.7
0.0 3.5
19.0 3.6
35.0 3.3
10.0 3.5
0.0 3.2
71.0 3.4
27.0 3.5
24.0 3.4
0.0 3.3
15.0 3.1
10.0 3.5
10.0 4.5
0.0 3.7
35.0 3.2
21.0 3.5
8.0 3.6
0.0 3.8
7.0 3.5
0.0 3.5
7.0 3.9
0.0 3.4
13.8 5.3
21.2 4.0
8.0 3.7
0.0 3.6
59.2 4.0
53.2 4.9
36.0 3.9
68.0 3.5
19.8 3.2
0.0 3.7
23.1 4.5
10.0 3.8
0.0 3.4
38.0 3.5
35.0 3.6
35.0 3.9
35.0 3.5
25.0 4.5
47.8 4.6
14.2 5.0
13.5 4.7
20.4 5.2
10.0 3.2
27.0 4.6
18.9 4.7
10.0 3.8
34.0 3.5
10.0 3.6
10.0 3.8
0.0 3.4
11.0 4.9
35.0 3.7
35.0 3.6
10.0 3.2
10.0 3.4
38.3 3.6
35.0 3.7
35.0 3.8
35.0 3.8
33.0 3.8
10.0 3.1
0.0 3.4
27.0 3.7
76.1 4.0
0.0 3.6
10.0 3.9
79.0 5.1
10.0 3.2
27.0 3.7
27.0 4.3
10.0 3.1
20.5 4.6
0.0 3.4
0.0 3.3
11.6 3.6
71.0 3.6
12.1 3.9
0.0 3.7
13.7 4.7
35.0 3.5
18.5 5.5
35.0 3.4
19.2 4.3
35.0 3.9
32.0 3.3
10.0 4.2
27.0 4.4
0.0 3.7
40.0 4.0
35.0 3.7
12.2 4.5
35.0 3.5
20.3 4.1
21.4 5.5
10.0 3.4
10.3 3.9
25.0 3.3
16.6 4.4
8.3 4.8
35.0 3.6
24.7 5.1
42.1 3.9
35.0 3.7
10.0 3.3
35.0 3.4
0.0 3.7
35.0 4.0
44.4 3.7
35.0 4.1
15.0 3.5
16.8 4.5
16.1 6.1
15.8 3.9
28.3 3.9
7.0 3.8
25.4 3.5
85.0 3.2
35.0 3.4
0.0 3.4
0.0 3.8
31.8 3.3
32.0 3.7
15.0 3.3
10.0 3.4
8.0 3.7
37.0 3.9
10.0 3.6
56.3 3.9
21.0 3.4
18.0 3.7
1.5 3.6
10.0 4.4
42.0 4.4
28.0 3.9
0.0 3.7
42.0 3.6
35.0 3.7
0.0 3.5
10.0 3.3
84.0 3.9
92.9 4.7
23.2 3.1
0.0 3.5
70.5 4.0
14.0 4.2
10.4 3.3
30.0 3.6
10.0 4.2
8.0 3.9
1.6 3.8
0.0 3.4
31.4 4.1
57.0 3.5
0.0 3.3
0.0 3.8
0.0 3.7
35.0 3.4
62.8 3.3
